28.9216183441 0.0522711694664 1.62128516836 -0.052683019992 1.04257189476 -6.20000004768
28.9141639219 0.177684624299 1.63016525175 -0.0621201847601 1.04511212361 -6.16000008583
28.9060969682 0.303268282988 1.63494389041 -0.067224614172 1.04653048908 -6.12000012398
28.8977847304 0.42891545429 1.63685546051 -0.0692686484618 1.04705976085 -6.08000016212
28.8894865595 0.554549991875 1.63675060452 -0.0691514244197 1.04695447987 -6.03999996185
28.8813888646 0.680127237917 1.63519094589 -0.0674807902993 1.04647705036 -6.0
28.8732995341 0.805969114307 1.63498971202 -0.0674110881812 1.04868230325 -5.96000003815
28.8650665796 0.932333981982 1.63585661686 -0.0686079540635 1.05304056395 -5.92000007629
28.8565840384 1.05943960391 1.63743367612 -0.0706878427142 1.0592135161 -5.88000011444
28.8477951423 1.18747675311 1.63933214602 -0.0732408014062 1.06697624331 -5.84000015259
28.8293229455 1.44701138237 1.64253601393 -0.0780882464873 1.0866263999 -5.75999999046
28.8197755159 1.57879827951 1.64311595186 -0.0795619129684 1.09822414283 -5.72000002861
28.8101889508 1.71209445747 1.64259199229 -0.0798880430005 1.11080148299 -5.68000006676
28.8004290278 1.84702159945 1.64300532601 -0.0813326915773 1.12439284986 -5.6400001049
28.7904627064 1.9837147226 1.64357773135 -0.0830526779705 1.13910935961 -5.60000014305
28.7804827529 2.12227919274 1.64269607285 -0.08316627927 1.15470391779 -5.5600001812
28.7708667809 2.26130781236 1.63985176338 -0.080133099717 1.15857183016 -5.51999998093
28.7618613495 2.40037731367 1.63546094222 -0.0750452619015 1.15891251093 -5.48000001907
28.7536666267 2.53949694028 1.62963248766 -0.0682893565628 1.15933022177 -5.44000005722
28.7464704898 2.67867179291 1.62245604923 -0.0599678075333 1.15979043856 -5.40000009537
28.7404252769 2.81790138527 1.61418809622 -0.0503767742762 1.16024660307 -5.36000013351
28.7358361481 2.95718657432 1.60373212808 -0.0382427400569 1.1607099087 -5.32000017166
28.7332866196 3.09652402045 1.58909179653 -0.0212460708167 1.16114538444 -5.27999997139
28.7354712311 3.37522548185 1.55386795128 0.0196586563134 1.16117334475 -5.20000004768
28.7403766359 3.51449989082 1.53558973064 0.0408783732983 1.16062007475 -5.16000008583
28.7477307113 3.65366648727 1.51800175045 0.0612839613485 1.15972163703 -5.12000012398
28.7573768231 3.79269301897 1.50152409946 0.0803842654878 1.15855443082 -5.08000016212
28.7691549464 3.93155518013 1.48618004536 0.098151027144 1.15718467636 -5.03999996185
28.7829328385 4.07023320174 1.47176963283 0.114815767726 1.15565018012 -5.0
28.7985110365 4.20872054317 1.45877897233 0.129818316766 1.1540611786 -4.96000003815
28.8157310721 4.3470133281 1.44691527136 0.143500296632 1.15243987444 -4.92000007629
28.8344662403 4.48510901038 1.43595159093 0.15612640156 1.1507973523 -4.88000011444
28.8546141408 4.62300566044 1.42571420554 0.167899170508 1.14913875048 -4.84000015259
28.8760909106 4.76070160209 1.41607055662 0.178973082162 1.14746618041 -4.80000019073
28.8988267816 4.89819525343 1.40691982999 0.189465591782 1.14578042785 -4.75999999046
28.9227626569 5.03548508505 1.39818570525 0.199465627089 1.14408193017 -4.72000002861
28.9740097716 5.30945265173 1.38194502916 0.218019169439 1.14069173797 -4.6400001049
29.0011730659 5.44614054231 1.37462707589 0.226360786065 1.13906575484 -4.60000014305
29.02927003 5.58263957015 1.36779171146 0.234141366963 1.1374918987 -4.5600001812
29.058240597 5.71895585764 1.36138737868 0.241421392124 1.13596906241 -4.51999998093
29.0880304367 5.85509545308 1.35537341348 0.248248663528 1.13449662863 -4.48000001907
29.118589742 5.99106439382 1.34971784901 0.254660877991 1.13307450617 -4.44000005722
29.1498722618 6.12686876763 1.34439567284 0.26068766496 1.13170311507 -4.40000009537
29.1818345253 6.26251476906 1.33938744817 0.266352195409 1.1303833453 -4.36000013351
29.2142598094 6.39805083414 1.3359726185 0.270210701519 1.12946720896 -4.32000017166
29.2466290023 6.53360030609 1.33638644634 0.26974327342 1.12957893295 -4.27999997139
29.2785484784 6.66925638236 1.33970286974 0.265995634875 1.13046730229 -4.24000000954
29.3097180851 6.80508671628 1.34522703307 0.259746722018 1.13191944931 -4.20000004768
29.3399077821 6.94113819987 1.35243535187 0.251580808258 1.13376236321 -4.16000008583
29.3966797025 7.21401344472 1.37041220236 0.231159779284 1.13810155775 -4.08000016212
29.4230198201 7.3508623475 1.38064582148 0.219500980487 1.14040752316 -4.03999996185
29.4478776211 7.48797645834 1.39145144452 0.207148341186 1.14261759036 -4.0
29.4713827408 7.62530060679 1.40127388538 0.195875997823 1.14436790374 -3.96000003815
29.4936394351 7.76279212435 1.41031159689 0.185472452133 1.14576264638 -3.92000007629
29.5147324203 7.90041790045 1.41871639259 0.175774877244 1.14688146744 -3.88000011444
29.53473143 8.03815212809 1.42660403023 0.166658414081 1.14778523037 -3.84000015259
29.5536947769 8.17597457686 1.43406229951 0.158027890334 1.14852040638 -3.80000019073
29.5716721473 8.31386926855 1.4411572078 0.149811419984 1.14912243075 -3.75999999046
29.588706803 8.45182346034 1.44793771118 0.141955464869 1.14961826496 -3.72000002861
29.6048373272 8.58982686237 1.45443932874 0.134421034706 1.15002835026 -3.68000006676
29.6202406496 8.72778251457 1.45960271164 0.128361020134 1.14963043497 -3.6400001049
29.6351270576 8.86557195453 1.4631763828 0.124053399624 1.14824533296 -3.60000014305
29.6639658124 9.14031207662 1.46690699308 0.119215655023 1.14339407055 -3.51999998093
29.6781422062 9.27714129026 1.46755818716 0.118136615207 1.14024344704 -3.48000001907
29.6922636952 9.41355245862 1.46764226873 0.117679074495 1.13675973633 -3.44000005722
29.7063866558 9.54951523367 1.46729378707 0.117691338472 1.13302312539 -3.40000009537
29.7205529269 9.68500665034 1.46662008467 0.11805225938 1.12909513891 -3.36000013351
29.7348223668 9.82011008828 1.46556782538 0.11891199927 1.12586198281 -3.32000017166
29.7492973765 9.95509050477 1.46396674027 0.12062508055 1.12483680411 -3.27999997139
29.7640518398 10.0901496526 1.46198337091 0.122953861129 1.1254928985 -3.24000000954
29.7791365657 10.2254413812 1.45975717927 0.125706049201 1.12743107145 -3.20000004768
29.7945833495 10.3610832671 1.45740565239 0.128723198278 1.13034904918 -3.16000008583
29.8104079128 10.4971654589 1.45502947745 0.131871360388 1.13401826509 -3.12000012398
29.8266119018 10.633757409 1.45271755054 0.135033241486 1.1382662513 -3.08000016212
29.853300701 10.9090485531 1.47980264046 0.104930876062 1.1499821173 -3.0
29.8645525954 11.0475733685 1.4897476989 0.0937657872297 1.15437346222 -2.96000003815
29.8745943925 11.1864900667 1.49863537548 0.0836816419686 1.15763915113 -2.92000007629
29.8835198073 11.3255647263 1.50670707229 0.074378456548 1.15895549721 -2.88000011444
29.8914100444 11.4647019541 1.51414868753 0.0657519758159 1.159476898 -2.84000015259
29.8983336732 11.6038906295 1.52109453317 0.0576969069279 1.15990562817 -2.80000019073
29.9043456115 11.7431216626 1.52764354727 0.0500994856203 1.16025860948 -2.75999999046
29.9094903682 11.8823874354 1.53387111426 0.0428729726177 1.16054810652 -2.72000002861
29.9138045424 12.0216814119 1.53983450274 0.0359514521062 1.16078313755 -2.68000006676
29.9173105814 12.1608322155 1.54560569018 0.0292169913912 1.15959003016 -2.6400001049
29.9200188296 12.2994325829 1.55125883489 0.0225687346345 1.15500306148 -2.60000014305
29.9219402798 12.4371729596 1.55684743466 0.0160120856548 1.14783647242 -2.5600001812
29.9230865286 12.5738180503 1.56240801277 0.00955207346545 1.13870908933 -2.51999998093
29.9231026761 12.843149828 1.57353647107 -0.00305894104392 1.11634026566 -2.44000005722
29.9219986011 12.9755971704 1.5791320883 -0.00920062525703 1.10372785364 -2.40000009537
29.9201713706 13.1064524148 1.58475917361 -0.015226920665 1.09046036968 -2.36000013351
29.9177206287 13.23594854 1.58971928173 -0.0204228489022 1.079134377 -2.32000017166
29.9148961998 13.3648480994 1.5927046798 -0.0235369079163 1.07416299499 -2.27999997139
29.9118905568 13.4937305881 1.59411290196 -0.0250470244883 1.07402073857 -2.24000000954
29.9088517859 13.6230363825 1.59429265712 -0.0253230907596 1.07754828667 -2.20000004768
29.9058936047 13.7531001342 1.59353649263 -0.0246515100765 1.08386459825 -2.16000008583
29.903103107 13.8841761489 1.59208226742 -0.0232541477411 1.09230012245 -2.12000012398
29.9005467505 14.0164576737 1.59011904293 -0.0213029709496 1.10234603959 -2.08000016212
29.898274987 14.1500915561 1.58779459563 -0.0189313622011 1.11361568638 -2.03999996185
29.8963258423 14.2851893841 1.58522297943 -0.0162428721881 1.12581523352 -2.0
29.8949561775 14.421099028 1.58087374639 -0.0114138739547 1.13258036623 -1.96000003815
29.8946775968 14.6934903639 1.56845686939 0.00265461590939 1.13471228879 -1.88000011444
29.8960158598 14.8293093138 1.56094335929 0.0111521917247 1.13182458262 -1.84000015259
29.8984470207 14.9645643825 1.55282362469 0.0202596736052 1.12712557226 -1.80000019073
29.9020198447 15.0990905121 1.54424398078 0.0297735335496 1.12105107981 -1.75999999046
29.9067636118 15.2327624102 1.53532307275 0.0395313928581 1.11393248421 -1.72000002861
29.9126919142 15.3654850185 1.52615913543 0.0494025194035 1.10602173605 -1.68000006676
29.9193218256 15.4976727204 1.52068303741 0.0552492623023 1.10156418204 -1.6400001049
29.9260377502 15.6298837765 1.52004295369 0.055966038159 1.10175880118 -1.60000014305
29.932369317 15.7625424775 1.52310427539 0.0527630563685 1.10548917479 -1.5600001812
29.9379600539 15.8959712325 1.52892028151 0.0465894745765 1.11190629214 -1.51999998093
29.9425430834 16.0304149779 1.53672069601 0.0381919118833 1.12036454491 -1.48000001907
29.9459222882 16.1660597414 1.54588931236 0.0281600407077 1.13037302907 -1.44000005722
29.947957752 16.3030467582 1.55593861258 0.0169621977173 1.1415584732 -1.40000009537
29.9478606141 16.5808422409 1.57577574847 -0.0057827763928 1.16132534581 -1.32000017166
29.9464169376 16.7201955321 1.58115578721 -0.0120306379115 1.16127742726 -1.27999997139
29.9446370137 16.8595449342 1.58356873278 -0.014832699393 1.16124501736 -1.24000000954
29.9428395864 16.9988941116 1.58369434063 -0.0149785607656 1.1612431451 -1.20000004768
29.9412700858 17.1382460426 1.58205870522 -0.0130791711686 1.16126609121 -1.16000008583
29.9401169167 17.2776020406 1.57907112571 -0.00960974318002 1.16129998371 -1.12000012398
29.939523795 17.4169615476 1.5750523559 -0.00494268082651 1.16132922517 -1.08000016212
29.9395990586 17.5563222965 1.57025626303 0.000627197483591 1.16133957392 -1.03999996185
29.9404225559 17.6956656298 1.56488655223 0.00686247728205 1.16119444402 -1.0
29.9418314108 17.8350192775 1.5606867465 0.0117404573958 1.16128039723 -0.960000038147
29.9436954587 17.9743675796 1.5574202273 0.0155337327278 1.16123585135 -0.920000076294
29.9459117687 18.1137107243 1.55489225671 0.0184692500462 1.16119287206 -0.880000114441
29.9476399432 18.2530607777 1.55839528459 0.0144014540407 1.16125044562 -0.840000152588
29.9499932796 18.5317721997 1.56349346063 0.00848103333181 1.16130877522 -0.759999990463
29.9507514548 18.6711309065 1.56535592247 0.00631812659459 1.16132255666 -0.72000002861
29.9512956827 18.810490613 1.56689114396 0.00453523250353 1.16133088781 -0.680000066757
29.9515807269 18.9498510907 1.56875095596 0.00237536878407 1.16133731402 -0.640000104904
29.9515321386 19.0892118514 1.5711449785 -0.000404903073496 1.16133967269 -0.600000143051
29.9510937101 19.2285719309 1.57394232855 -0.00365357084386 1.16133399621 -0.560000181198
29.9502228771 19.3679299793 1.5770451342 -0.00725694115975 1.16131706959 -0.519999980927
29.9488873455 19.507284349 1.58037974142 -0.0111294299208 1.1612864139 -0.480000019073
29.9470580961 19.6466331123 1.58392270342 -0.0152437450972 1.16123969427 -0.44000005722
29.9447066935 19.7859740427 1.5876699004 -0.019595021767 1.16117442034 -0.400000095367
29.9419461387 19.925116281 1.59063352881 -0.0230046233812 1.15951865253 -0.360000133514
29.9389265603 20.063963148 1.59254044364 -0.0251631533825 1.15705722464 -0.320000171661
29.9360101225 20.2028856023 1.5917865219 -0.0243036479038 1.15768711898 -0.27999997139
29.9314608717 20.4815252885 1.58511713561 -0.0166307559646 1.16122065831 -0.200000047684
29.9301558969 20.6208799476 1.58016046802 -0.0108747904349 1.16128882637 -0.160000085831
29.9296328775 20.7602397354 1.57454932452 -0.00435849518302 1.16133156456 -0.120000123978
29.9299524561 20.8996001382 1.56850315002 0.00266315499295 1.16133668974 -0.0800001621246
29.931152007 21.0389557447 1.56218869831 0.0099962576146 1.16129672098 -0.039999961853
29.9332510258 21.1783007055 1.55573399442 0.0174918237897 1.16120800696 0.0
29.9358580532 21.3176370877 1.55208819674 0.0217252276198 1.16113651816 0.039999961853
29.9386817292 21.4569692478 1.55053331249 0.0235306335143 1.16110133434 0.0799999237061
29.9415064663 21.5963013864 1.55052569688 0.0235394760086 1.16110115511 0.119999885559
29.9441741243 21.735636621 1.55165305565 0.0222304837572 1.16112695469 0.159999847412
29.946570135 21.8749767915 1.55360261617 0.0199667556749 1.16116808774 0.199999809265
29.9486129466 22.0143225877 1.55613736101 0.0170234298654 1.16121496811 0.240000009537
29.9502459616 22.1536737888 1.55907816291 0.0136084579911 1.1612600093 0.27999997139
29.9521789637 22.4323883396 1.56528996684 0.00639472234165 1.16132213741 0.359999895096
29.9531921412 22.5717454258 1.56352608539 0.00844314590722 1.16130905129 0.399999856949
29.9545054083 22.711100007 1.56137268099 0.0109438924192 1.16128817722 0.439999818802
29.9561141034 22.850451491 1.55925268457 0.0134057927604 1.16126236658 0.480000019073
29.9579903647 22.9897996293 1.55733258095 0.0156355107519 1.16123448542 0.519999980927
29.9601009141 23.1291444159 1.55565124634 0.0175879114628 1.16120655557 0.55999994278
29.9624058701 23.2684861224 1.55425608295 0.0192079666945 1.16118088743 0.599999904633
29.9648685638 23.4077967175 1.55312044819 0.0205224470907 1.16092162563 0.639999866486
29.9673641393 23.5466760382 1.55282887902 0.0207964624633 1.15732767247 0.679999828339
29.9696122858 23.6849487881 1.55453897685 0.0187345545714 1.15227291549 0.72000002861
29.9713981466 23.8224778916 1.5578117265 0.0148821733722 1.14607586275 0.759999990463
29.9725584419 23.9591570035 1.56230733821 0.00966912743662 1.13899259929 0.799999952316
29.9729699192 24.0949025569 1.56776509663 0.00342897730393 1.13121294497 0.839999914169
29.9712162426 24.3633451109 1.58071763676 -0.0110540365568 1.11413451465 0.919999837875
29.9689568605 24.4959517085 1.58783291123 -0.0188281841028 1.10505497992 0.960000038147
29.9657549789 24.6274390989 1.59514275988 -0.0266823467836 1.09572825332 1.0
29.9614765671 24.7587314438 1.60337170919 -0.0356534316636 1.09410287377 1.03999996185
29.9563731714 24.890652831 1.6094621731 -0.04252829675 1.09934489364 1.07999992371
29.9510772638 25.0240493815 1.61047597333 -0.0441325640617 1.11163792066 1.11999988556
29.9464546347 25.1597594844 1.60484568917 -0.0385219086717 1.13091752464 1.15999984741
29.943245684 25.2984540814 1.59392901058 -0.0267412555546 1.15578830785 1.19999980927
29.9417265092 25.43780657 1.58169756516 -0.012659790619 1.1612707389 1.24000000954
29.9418480297 25.5771672863 1.56992434152 0.00101267102696 1.16133930176 1.27999997139
29.9089763976 25.6908902837 1.85217722116 -0.273930267804 0.947691645145 1.31999993324
29.865346029 25.7879300593 1.99332858175 -0.363586404605 0.808664796986 1.3599998951
29.8191376751 25.8719192831 2.07377007043 -0.38506961567 0.699910198542 1.39999985695
29.7244122301 26.0096772344 2.20205984978 -0.392925453613 0.53747967991 1.48000001907
29.6788028405 26.0669716432 2.24312596206 -0.380078246984 0.477453407021 1.51999998093
29.635556405 26.1183251417 2.2707049661 -0.360386962007 0.427945820353 1.55999994278
29.5951986387 26.164753079 2.28636385197 -0.336314719593 0.386899477765 1.59999990463
29.5580545882 26.2070770238 2.29110442428 -0.3095337539 0.352699540296 1.63999986649
29.5239882426 26.2460793132 2.28874480939 -0.283886213762 0.325019077666 1.67999982834
29.4923206398 26.2826472697 2.28450232002 -0.263896689818 0.304732971221 1.72000002861
29.4627142044 26.3175236072 2.27464997964 -0.246720295259 0.290636146022 1.75999999046
29.4362142785 26.3519173656 2.22728037757 -0.220832715077 0.28661465334 1.79999995232
29.4164430419 26.3872341917 2.08115129788 -0.164760305283 0.294306884051 1.83999991417
29.4019816774 26.4233172632 1.95197472484 -0.120511371091 0.300692262738 1.87999987602
29.3920612976 26.4602658535 1.83310155948 -0.0826698315743 0.307904918667 1.91999983788
29.3853248016 26.4981380874 1.7468294871 -0.0561374664851 0.315601949396 1.96000003815
29.3805005977 26.5778560818 1.59708895474 -0.0088793294563 0.337633928426 2.03999996185
29.3823340184 26.6199008374 1.5272175285 0.0152785057942 0.350372963553 2.07999992371
29.386338987 26.6635595696 1.47931884279 0.0333747381111 0.363822767754 2.11999988556
29.3925705296 26.7092530855 1.43525553492 0.0519295223827 0.380779299888 2.15999984741
29.4000082812 26.7572171104 1.41695227622 0.0619812628737 0.39970020721 2.19999980927
29.4084589386 26.8081070674 1.40624044203 0.070422144953 0.424082975253 2.24000000954
29.4163927712 26.8622109333 1.42519329673 0.066115271682 0.450865548909 2.27999997139
29.4231596346 26.9202531098 1.45473499465 0.0563905282669 0.483684804522 2.31999993324
29.4268166132 26.9823142461 1.51193896328 0.0304748221005 0.51717613514 2.3599998951
29.426423248 27.0487572255 1.57671660077 -0.0032780436504 0.553691495698 2.39999985695
29.420228097 27.1187425688 1.65908688612 -0.0516262583136 0.583211193576 2.4399998188
29.4077534354 27.1918734844 1.73975000585 -0.10395551328 0.609424297028 2.48000001907
29.3615298949 27.342544154 1.90880490202 -0.221986079954 0.63154322457 2.55999994278
29.3277449121 27.4177395093 1.99306476685 -0.281541523352 0.626627961641 2.59999990463
29.2843343119 27.4840448091 2.1504739905 -0.361755001184 0.552544164773 2.63999986649
29.2381553169 27.5491881003 2.18745942876 -0.384824958469 0.542860759553 2.67999982834
29.1870174602 27.6123311358 2.25152862886 -0.426148806156 0.526191962406 2.72000002861
29.130453896 27.6742820587 2.31076837619 -0.471363034842 0.516257691306 2.75999999046
29.0674564136 27.7346421162 2.37757156336 -0.524979019727 0.503000478759 2.79999995232
28.9973019406 27.7928559166 2.44894646911 -0.584620608723 0.485115003417 2.83999991417
28.919409437 27.8479311781 2.52613910068 -0.649104195929 0.458960512388 2.87999987602
28.8334829633 27.8986940326 2.60798694379 -0.716053947716 0.423023787518 2.91999983788
28.7395608828 27.9439140754 2.69288400002 -0.782684004263 0.376833690521 2.96000003815
28.6380807056 27.9826126103 2.77727452196 -0.845668143643 0.322487790932 3.0
28.5301832958 28.0139632889 2.85881869051 -0.899145081278 0.261255654295 3.03999996185
28.3001425132 28.0572844037 2.98197535255 -0.975107868015 0.156979514097 3.11999988556
28.1800333977 28.0716994684 3.0221475514 -1.00090929603 0.120125539584 3.15999984741
28.0575029 28.0826508337 3.05245285579 -1.02108748042 0.0912613777174 3.19999980927
27.9330637348 28.0908727827 3.07561651305 -1.03699304384 0.0685162413262 3.24000000954
27.8071054819 28.0969277047 3.09355876599 -1.04965210741 0.0504576835535 3.27999997139
27.6799241534 28.1012465169 3.1076477866 -1.05984440407 0.0359901016342 3.31999993324
27.551498783 28.1041733998 3.11880606352 -1.07021142031 0.0243906905175 3.3599998951
27.4216904502 28.1059791472 3.12768267635 -1.08173610611 0.0150478951544 3.39999985695
27.2903935377 28.1068714147 3.13479695852 -1.09414093765 0.00743556263777 3.4399998188
27.1575277449 28.1070095251 3.14055318085 -1.10721493985 0.0011509201616 3.48000001907
27.0230320177 28.106515798 -3.13792172012 -1.12079772697 -0.00411439237033 3.51999998093
26.8868599332 28.1054842208 -3.13401725742 -1.13476737112 -0.00859647683832 3.55999994278
26.7489724546 28.1039882643 -3.13074396817 -1.14906232153 -0.0124663047275 3.59999990463
26.470281008 28.099903117 -3.12588865176 -1.16119654393 -0.0182369318464 3.67999982834
26.3309398704 28.0975640181 -3.12480737925 -1.16117614604 -0.0194924908425 3.72000002861
26.1915994868 28.095180433 -3.12448811735 -1.16116986365 -0.0198632091454 3.75999999046
26.0522585142 28.0928315325 -3.1247370369 -1.16117477202 -0.0195741706531 3.79999995232
25.9129160035 28.0905757173 -3.12540507244 -1.16118758916 -0.0187984603272 3.83999991417
25.7735713617 28.0884556223 -3.12637906942 -1.16120534801 -0.0176674583842 3.87999987602
25.6342242851 28.0865021043 -3.12757449075 -1.16122563836 -0.0162793164497 3.91999983788
25.4948746899 28.0847373615 -3.12892919011 -1.16124662638 -0.0147061903638 3.96000003815
25.3555226528 28.083177316 -3.1303981258 -1.16126697597 -0.0130003784965 4.0
25.2161693434 28.0817353902 -3.1312457564 -1.16127757832 -0.0120160485205 4.03999996185
25.076815506 28.0803454351 -3.1316186976 -1.16128197884 -0.0115829594414 4.07999992371
24.9374616546 28.0789568742 -3.13162870281 -1.16128209467 -0.0115713405707 4.11999988556
24.7981214253 28.0775308648 -3.13135900013 -1.16116857722 -0.0118834116712 4.15999984741
24.519995708 28.0744581348 -3.13021730961 -1.15779778268 -0.0131709161407 4.24000000954
24.3813934751 28.0727722513 -3.12942978809 -1.15501860795 -0.0140490287675 4.27999997139
24.2431852083 28.0709675841 -3.1285358031 -1.15173555662 -0.0150388935932 4.31999993324
24.1052642728 28.0691064513 -3.1280992718 -1.14934112873 -0.0155094399429 4.3599998951
23.9674733878 28.0672719001 -3.12827941595 -1.14825737549 -0.0152879265446 4.39999985695
23.8296930587 28.0655259139 -3.12892108606 -1.14816940909 -0.014549884963 4.4399998188
23.6918322943 28.0639143417 -3.12990333227 -1.14883970346 -0.0134297681265 4.48000001907
23.5538214815 28.062470858 -3.13113382706 -1.1500901066 -0.0120290315285 4.51999998093
23.4156069524 28.0612202315 -3.13254445595 -1.15178774245 -0.0104218875472 4.55999994278
23.277146922 28.0601810652 -3.13408762346 -1.15383358663 -0.00865971842065 4.59999990463
23.1384085652 28.0593680488 -3.13573265086 -1.15615297361 -0.00677513713351 4.63999986649
22.9994022546 28.058723698 -3.13695728018 -1.15838592116 -0.00536958975551 4.67999982834
22.8602078276 28.0580664212 -3.13687068342 -1.15995355843 -0.00547730681047 4.72000002861
22.5815327409 28.0561994263 -3.13398605784 -1.16130614571 -0.00883375676742 4.79999995232
22.4421789178 28.0548080277 -3.13160833915 -1.16128185879 -0.0115949885221 4.83999991417
22.3028295408 28.0530261401 -3.12880615606 -1.16124480823 -0.0148490631276 4.87999987602
22.1634864015 28.0508094923 -3.12568615875 -1.16119282727 -0.0184720656543 4.91999983788
22.0241514862 28.0481252148 -3.12233010615 -1.16112429486 -0.0223689785198 4.96000003815
21.8848403692 28.0449494948 -3.11880071697 -1.1609259743 -0.0264643338821 5.0
21.7457848247 28.0415648937 -3.11725753682 -1.15879620418 -0.02820500881 5.03999996185
21.6071609882 28.0381865851 -3.11722714644 -1.15519863782 -0.0281525720768 5.07999992371
21.4691027231 28.0349780647 -3.11835650088 -1.1504855429 -0.0267376699953 5.11999988556
21.3317117791 28.0320631931 -3.12037994309 -1.14492453256 -0.0242905961826 5.15999984741
21.1950655053 28.0295354291 -3.12309616861 -1.13871894909 -0.021064700211 5.19999980927
21.0592227128 28.0274649058 -3.12635177917 -1.13202327075 -0.0172543605026 5.24000000954
20.9242281304 28.0259038557 -3.13002937068 -1.12495485322 -0.0130087510316 5.27999997139
20.6567896597 28.0243852618 -3.13780116975 -1.11105107569 -0.00421255238431 5.3599998951
20.5241158356 28.0243212313 -3.1411100382 -1.10561520069 -0.00053358695247 5.39999985695
20.3919925841 28.0246472968 3.13912476989 -1.10102709543 0.00271721233818 5.4399998188
20.2603426243 28.0253233589 3.13645739835 -1.09708299842 0.00563385073934 5.48000001907
20.1291072571 28.0263179577 3.13401405807 -1.09362805997 0.00828832339651 5.51999998093
19.9982419052 28.0276062476 3.13174857892 -1.09054459893 0.0107357492504 5.55999994278
19.8677127238 28.0291684444 3.12962504503 -1.08774317848 0.0130183060894 5.59999990463
19.7374940249 28.030988634 3.12761562018 -1.08515582463 0.0151682469719 5.63999986649
19.6075230561 28.0329419852 3.12656464986 -1.08309140631 0.0162779271194 5.67999982834
19.477665624 28.0347093011 3.12798383117 -1.08214526752 0.0147276319754 5.72000002861
19.3478197422 28.0360481962 3.13128160115 -1.08204901483 0.0111574595493 5.75999999046
19.2179078807 28.0367752779 3.13599598162 -1.08259884569 0.00605901387596 5.79999995232
19.0878710786 28.0367524744 -3.14141729198 -1.08364001763 -0.000190028859876 5.83999991417
18.827253901 28.0340710271 -3.12774866626 -1.08675476295 -0.0150459803985 5.91999983788
18.6966133251 28.0312800584 -3.12023218221 -1.08867146615 -0.0232580731206 5.96000003815
18.5657228704 28.0274636284 -3.11244347723 -1.0907537896 -0.0318035826526 6.0
18.4345971109 28.0230200231 -3.10771749825 -1.09271466249 -0.0370300443325 6.03999996185
18.3032470657 28.0182535311 -3.1053201011 -1.09458370935 -0.0397207667586 6.07999992371
18.1716810801 28.0133962135 -3.10469016352 -1.09638321327 -0.0404776463777 6.11999988556
18.039905489 28.0086246232 -3.10539849557 -1.09812992657 -0.0397632531186 6.15999984741
17.9079251166 28.0040726455 -3.10711651187 -1.09983643634 -0.0379331472069 6.19999980927
17.7757436534 27.9998413616 -3.10959240616 -1.10151219359 -0.0352606994017 6.24000000954
17.6433639388 27.9960066228 -3.11263303035 -1.10316428823 -0.0319561561058 6.27999997139
17.5107881749 27.9926248686 -3.11609009611 -1.10479803252 -0.0281812851117 6.31999993324
17.3777244025 27.9898064955 -3.12041520038 -1.10886476932 -0.0234864429753 6.3599998951
17.2438039577 27.9876680702 -3.12562613291 -1.11600370743 -0.0178202105999 6.39999985695
16.9723399723 27.9857532715 -3.13761415186 -1.13672306262 -0.00452247853228 6.48000001907
16.8344220584 27.9860850597 3.13918696449 -1.14931594877 0.00276490218399 6.51999998093
16.6950667676 27.9873207442 3.13272573411 -1.16129409 0.0102973710573 6.55999994278
16.5557223499 27.9894555142 3.12627375546 -1.16120348094 0.0177897494196 6.59999990463
16.4163945318 27.9924858757 3.11984621552 -1.16106515092 0.0252530123053 6.63999986649
16.2770789386 27.9960340402 3.11612961952 -1.16096327696 0.0295680380558 6.67999982834
16.1377514999 27.9990817994 3.11972134618 -1.16106198855 0.0253979935471 6.72000002861
15.9984021651 28.0008669813 3.12878251585 -1.16124445687 0.0148765151946 6.75999999046
15.8590414041 28.0008192213 -3.14124994616 -1.16133967508 -0.000397999750746 6.79999995232
15.7196997196 27.9985129382 -3.12504288583 -1.16118070444 -0.0192190256816 6.83999991417
15.5804244226 27.9936328098 -3.10656754308 -1.16062747448 -0.0406677367432 6.87999987602
15.4412756822 27.9859482782 -3.08642338901 -1.15957283695 -0.0640377632929 6.91999983788
15.3023227307 27.9752945816 -3.06507111177 -1.15794126274 -0.0887808051522 6.96000003815
15.0251594259 27.9459252345 -3.02917750063 -1.15400944576 -0.130277390282 7.03999996185
14.8867956976 27.9292848412 -3.02190193109 -1.15303106893 -0.138669944151 7.07999992371
14.7484728599 27.9123078991 -3.01946922406 -1.15269031406 -0.141474517843 7.11999988556
14.6101292081 27.8955014127 -3.02070143485 -1.15286376535 -0.140054053357 7.15999984741
14.4717192321 27.8792501809 -3.02471405679 -1.15341646662 -0.135426931819 7.19999980927
14.3332122812 27.8638473067 -3.03084120128 -1.15422459115 -0.128357284606 7.24000000954
14.1945902799 27.849516753 -3.03857994621 -1.15518334349 -0.119421280536 7.27999997139
14.0559812865 27.836442888 -3.0475489754 -1.1550749449 -0.108948874975 7.31999993324
13.9173840517 27.8245375085 -3.05590388382 -1.15497695669 -0.0992114957709 7.3599998951
13.7787019811 27.8136128965 -3.06298048341 -1.15568392164 -0.0910384337589 7.39999985695
13.6398617871 27.8035233179 -3.06904972934 -1.15700161705 -0.0840798217766 7.4399998188
13.5008161964 27.7941559437 -3.07432521255 -1.15871325578 -0.0780614514597 7.48000001907
13.3617285568 27.7854351357 -3.07897453133 -1.1590636636 -0.0726733998744 7.51999998093
13.083453462 27.7696746854 -3.08690095011 -1.15960328667 -0.063483989132 7.59999990463
12.9442755591 27.7625377842 -3.0903585474 -1.15981585679 -0.0594741764648 7.63999986649
12.8050757223 27.7558423076 -3.09352995202 -1.15999864055 -0.0557956381745 7.67999982834
12.6658572845 27.7495454382 -3.09639331912 -1.16015364839 -0.0524739120393 7.72000002861
12.5266228577 27.7436126154 -3.09900809868 -1.16028688992 -0.049440190066 7.75999999046
12.3873745251 27.7380156637 -3.10142024785 -1.16040277138 -0.0466412638887 7.79999995232
12.2481139791 27.7327313183 -3.1036651041 -1.16050455037 -0.0440362111412 7.83999991417
12.1088426201 27.7277400697 -3.10576968595 -1.16059465802 -0.0415937386067 7.87999987602
11.969561629 27.7230252527 -3.10775445842 -1.1606749261 -0.0392901418675 7.91999983788
11.830272019 27.7185723274 -3.10963471172 -1.16074674978 -0.0371077108411 7.96000003815
11.6909746736 27.7143683345 -3.11142181886 -1.16081121163 -0.0350332738847 8.0
11.5516778076 27.7101484876 -3.11130800417 -1.16080721681 -0.0351653910257 8.03999996185
11.2732832468 27.7009127077 -3.10710177846 -1.15920343484 -0.039997802914 8.11999988556
11.1351774294 27.6956617465 -3.10358967056 -1.15088181125 -0.0437580094663 8.15999984741
10.9986874143 27.6898970629 -3.09938253555 -1.13741679304 -0.0480390307694 8.19999980927
10.8642815875 27.6835760156 -3.0945977181 -1.12004855596 -0.0526753936331 8.24000000954
10.7323152497 27.6766714829 -3.08931990796 -1.09971948237 -0.0575377724839 8.27999997139
10.6030579071 27.669168187 -3.08360844353 -1.07714452125 -0.0625274658582 8.31999993324
10.4757512213 27.6614697371 -3.08119451808 -1.06088904852 -0.0641537490553 8.3599998951
10.3493379941 27.6540885897 -3.08326982966 -1.05344356026 -0.0615095617589 8.39999985695
10.2230157899 27.6474104947 -3.08877625275 -1.05268503465 -0.0556507916744 8.4399998188
10.096175752 27.6417221324 -3.09677594189 -1.05700031596 -0.0474030195939 8.48000001907
9.96835600556 27.637232813 -3.10648481681 -1.06516455349 -0.0374109949851 8.51999998093
9.83920624749 27.6340915102 -3.11727450103 -1.07624798395 -0.0261775230922 8.55999994278
9.57591872864 27.6322241087 -3.14026422136 -1.10451801911 -0.00146727819809 8.63999986649
9.44157070781 27.633310697 3.13350496796 -1.11956684029 0.0090549020757 8.67999982834
9.30569597304 27.634880279 3.13004148283 -1.13228945643 0.013079850612 8.72000002861
9.16850429073 27.6363398288 3.13095429212 -1.1432640192 0.01216291474 8.75999999046
9.03015274521 27.6372409994 3.13507911724 -1.15292954603 0.00750975471048 8.79999995232
8.89079197623 27.6372486871 3.14153748957 -1.16133974151 6.40641685523e-05 8.83999991417
8.75143573604 27.6361251606 -3.13353056689 -1.16130200154 -0.0093627202723 8.87999987602
8.61209593392 27.6337078203 -3.12424586679 -1.1611650177 -0.0201445026096 8.91999983788
8.47278733492 27.6298949164 -3.11422928717 -1.16090499162 -0.0317741994113 8.96000003815
8.33352585256 27.6246353043 -3.10384270741 -1.16051235304 -0.0438301009984 9.0
8.19428930381 27.6187524919 -3.09936727725 -1.16030457294 -0.0490234366999 9.03999996185
8.05505276351 27.6128694795 -3.09936584083 -1.16030450252 -0.0490251033845 9.07999992371
7.91580481696 27.6072629322 -3.10135133758 -1.16039955456 -0.0467212274462 9.11999988556
7.63802547102 27.5979504725 -3.11093899176 -1.15538431893 -0.0354278574508 9.19999980927
7.50013886325 27.5947247534 -3.11820292184 -1.14905506477 -0.0268809919232 9.24000000954
7.3632159462 27.5926825793 -3.12667898674 -1.14102430877 -0.017018118136 9.27999997139
7.22741215119 27.5919270559 -3.13602936566 -1.13169829172 -0.00629602840099 9.31999993324
7.09231886296 27.5919094304 -3.14146218447 -1.12577740196 -0.00014687918755 9.3599998951
6.95736339964 27.5918906549 -3.14145352996 -1.12462886094 -0.000156462450313 9.39999985695
6.84697704663 27.6252023652 2.84850930617 -0.919886275123 0.277597585854 9.4399998188
6.75527550834 27.6834788533 2.57547713566 -0.764179485755 0.485637400728 9.48000001907
6.67769108236 27.7603328483 2.36092404861 -0.646536883204 0.640449958368 9.51999998093
6.61068105 27.8508890443 2.20785557683 -0.558416936308 0.754634966687 9.55999994278
6.55149994364 27.9514264517 2.10282667388 -0.493175886282 0.837811728624 9.59999990463
6.49802186452 28.0591042964 2.03175943393 -0.445650659351 0.89731537276 9.63999986649
6.4488911684 28.17191228 1.98154785502 -0.409422467676 0.9400665297 9.67999982834
6.36185950551 28.408314792 1.90660259677 -0.348107002493 0.997368824829 9.75999999046
6.32325136201 28.5302234713 1.87750044211 -0.321734529219 1.01590566086 9.79999995232
6.28752788027 28.6537589349 1.85229343295 -0.297695681103 1.02946219676 9.83999991417
6.25442608093 28.7784193435 1.83034261837 -0.275848327842 1.03883673823 9.87999987602
6.22367257005 28.9037596783 1.81140323367 -0.256279257375 1.04450278985 9.91999983788
6.19495137179 29.0293638206 1.79559586711 -0.239343318816 1.04670118559 9.96000003815
6.16786900921 29.1548340521 1.7833818432 -0.225686354814 1.04558526262 10.0
6.14111231314 29.2799850668 1.78142070876 -0.222972467275 1.04292512223 10.0399999619
6.11346678555 29.4046882054 1.7889587176 -0.230379396583 1.03919282245 10.0799999237
6.08384742203 29.5289827714 1.80473303539 -0.246828029342 1.03578804959 10.1199998856
6.05143496508 29.653178212 1.82608159164 -0.270103807888 1.03496200501 10.1599998474
6.01587637869 29.7778638117 1.84860749475 -0.296321553209 1.0390466643 10.1999998093
