0.104922154403 19.8922687436 0.20678591278 1.55669475352 0.326570634253 0.159999847412
0.292573570053 19.9316962382 0.207097829677 1.56376179708 0.328562454728 0.199999809265
0.480906466284 19.9711088524 0.206293886482 1.56944080192 0.328438451828 0.240000009537
0.669945281681 20.0102560882 0.204199358737 1.57532346164 0.326226965117 0.27999997139
1.05010466783 20.0871154842 0.197861654896 1.58625626249 0.318020244273 0.359999895096
1.24077557913 20.1245976589 0.194105385293 1.58892426082 0.31235145622 0.399999856949
1.43164700395 20.1612744866 0.189840678395 1.59059520689 0.30564023059 0.439999818802
1.62261082917 20.1970930544 0.18541295704 1.59136521015 0.298488065069 0.480000019073
1.81354917539 20.2320589002 0.181119531336 1.59115288512 0.291382047943 0.519999980927
2.00637644618 20.2644925209 0.166640569396 1.60689392329 0.270280172673 0.55999994278
2.20494096368 20.2884257321 0.119952510973 1.65470431246 0.199443426927 0.599999904633
2.40842220412 20.3040006876 0.0763935058649 1.69567700369 0.129791295351 0.639999866486
2.6155780657 20.3122267222 0.0396885462266 1.72629884649 0.0685502883807 0.679999828339
2.82558769398 20.3139034539 0.00798390094212 1.75008023566 0.0139727641307 0.72000002861
3.03776928133 20.3097353609 -0.0196414637843 1.76817989465 -0.0347341081367 0.759999990463
3.2110241272 20.2559326774 -0.301098901338 1.44379038222 -0.448355695501 0.799999952316
3.35367381131 20.1646093764 -0.569449957096 1.1887473676 -0.761027508398 0.839999914169
3.57417164323 19.9187134252 -0.908830668228 0.845008224301 -1.08437350345 0.919999837875
3.66143070674 19.7778901393 -1.0160641573 0.727158862597 -1.17352738222 0.960000038147
3.73753474607 19.6282575515 -1.10028760527 0.634200327757 -1.24693823188 1.0
3.80586114185 19.4710974893 -1.16069074536 0.569386631489 -1.3096671853 1.03999996185
3.86969529576 19.308664898 -1.19634884932 0.531951282586 -1.35360492724 1.07999992371
3.9312999444 19.1424055105 -1.21594735816 0.513372071989 -1.3854948956 1.11999988556
3.99208720925 18.9731496755 -1.22599849602 0.506560540386 -1.41046529176 1.15999984741
4.05302169687 18.8014915008 -1.22969567219 0.507787396873 -1.43048478934 1.19999980927
4.11475979242 18.6278248268 -1.22923223835 0.51448412955 -1.44722228302 1.24000000954
4.17775483751 18.4523961105 -1.22604482078 0.52495870915 -1.4619059694 1.27999997139
4.2423116953 18.2753251887 -1.22119044474 0.537973814926 -1.47559101468 1.31999993324
4.30828624242 18.0979205632 -1.21475728916 0.549787892616 -1.47837187971 1.3599998951
4.37495242629 17.9210703622 -1.21030478388 0.555551532295 -1.47375167456 1.39999985695
4.50767614314 17.5701621743 -1.2099652546 0.550271233245 -1.45824397927 1.48000001907
4.5725292048 17.3960651944 -1.2142094684 0.540442180533 -1.45080816639 1.51999998093
4.63620332261 17.2233998268 -1.21749714826 0.53061764841 -1.43887806279 1.55999994278
4.70248307619 17.0547016072 -1.19643470883 0.552331279787 -1.40581849685 1.59999990463
4.7693362534 16.8886209057 -1.18810712828 0.557109810088 -1.38400584612 1.63999986649
4.83826787465 16.7259824683 -1.16991411388 0.574430177074 -1.35532031127 1.67999982834
4.90708041691 16.5658127564 -1.1650167452 0.573437852226 -1.33474759936 1.72000002861
4.9750037841 16.4072357611 -1.16610808277 0.566028059913 -1.32147496111 1.75999999046
5.04386485162 16.251755166 -1.15386935261 0.573842229306 -1.29567162558 1.79999995232
5.10888349736 16.0969734473 -1.17311163845 0.541822047856 -1.28984765563 1.83999991417
5.16359673449 15.9450614981 -1.22509544232 0.455943642708 -1.26593290996 1.87999987602
5.20290634456 15.791857768 -1.31963071849 0.327580083926 -1.27669775071 1.91999983788
5.2505832914 15.6534732094 -1.23900727115 0.397307890382 -1.15320465567 1.96000003815
5.34744745463 15.3922878005 -1.17393815048 0.443705953145 -1.05872484736 2.03999996185
5.39656129902 15.268015582 -1.19442453073 0.409282036533 -1.03560182088 2.07999992371
5.44941809195 15.1454709092 -1.16357911017 0.440473274465 -1.02120560617 2.11999988556
5.50237162285 15.0248443908 -1.15713806273 0.441279424176 -1.00522098692 2.15999984741
5.55413902609 14.9038670242 -1.16646361906 0.431395026991 -1.00814472172 2.19999980927
5.60859357985 14.783496374 -1.14595613395 0.453787948034 -1.00308875185 2.24000000954
5.65999431238 14.6628177112 -1.16813773581 0.428339437701 -1.00565552266 2.27999997139
5.71280531979 14.5417170973 -1.15956830325 0.440091728432 -1.00917178275 2.31999993324
5.76342808918 14.4210809703 -1.17348126467 0.421856411593 -1.00530105856 2.3599998951
5.81134925936 14.3003159609 -1.19304006083 0.39934308478 -1.00637507834 2.39999985695
5.93432123913 14.220284417 -0.576945285099 1.02476649814 -0.666929532249 2.4399998188
6.06525295855 14.1585265025 -0.440736287887 1.09109766177 -0.514649287572 2.48000001907
6.34574147153 14.0648131132 -0.295756075183 1.19517661817 -0.364161109026 2.55999994278
6.49490261702 14.0250830447 -0.260312969497 1.24300954571 -0.331083904745 2.59999990463
6.64957850433 13.9882547366 -0.23374756086 1.28896572759 -0.306902567521 2.63999986649
6.80913491348 13.9535045762 -0.214443569719 1.32963674289 -0.289584669276 2.67999982834
6.97246532156 13.9202667089 -0.20075942837 1.36108673405 -0.276982227959 2.72000002861
7.13788016712 13.8884878359 -0.18980362648 1.37845704634 -0.264823941283 2.75999999046
7.30378485068 13.8582255615 -0.180423992885 1.38253902965 -0.252185619928 2.79999995232
7.46966327238 13.8293674486 -0.172247525924 1.38232018084 -0.240484274886 2.83999991417
7.63539811123 13.8017652892 -0.165029419465 1.38112365705 -0.230017994286 2.87999987602
7.80093577624 13.7752541411 -0.158803229171 1.37948054176 -0.220926234625 2.91999983788
7.96623597016 13.7496749141 -0.153526378066 1.37750161601 -0.213160225058 2.96000003815
8.13125840574 13.7248792801 -0.149140440373 1.37518696313 -0.206630282768 3.0
8.29511365645 13.7009656219 -0.144920664331 1.36546042264 -0.199280484981 3.03999996185
8.62133415618 13.655599404 -0.136215738648 1.35755009804 -0.186071953571 3.11999988556
8.78392609174 13.633860287 -0.132915252459 1.35493279632 -0.181159308081 3.15999984741
8.94621624961 13.6126028479 -0.130242680476 1.35241798228 -0.177145325631 3.19999980927
9.10821115289 13.5917358963 -0.128106959868 1.34995752727 -0.173891263135 3.24000000954
9.26990962586 13.5711762309 -0.126469556699 1.34748727477 -0.171330545388 3.27999997139
9.43131183524 13.5508475883 -0.125290478611 1.34501841149 -0.1694053546 3.31999993324
9.59269357102 13.5300998164 -0.127861942814 1.34484779816 -0.172898099158 3.3599998951
9.75346111117 13.5081850533 -0.135478352147 1.33972950132 -0.182623025767 3.39999985695
9.9132153979 13.4847076226 -0.145915161878 1.3312857227 -0.195645256286 3.4399998188
10.0718161972 13.4593731248 -0.158399320163 1.32167332732 -0.211120815068 3.48000001907
10.2292171476 13.4319259962 -0.172641256982 1.3116745871 -0.228726071365 3.51999998093
10.3854062881 13.4021536508 -0.188357628855 1.30157617045 -0.248102878617 3.55999994278
10.5403796027 13.3698850845 -0.20528690844 1.29144428838 -0.268904719279 3.59999990463
10.8467032528 13.2977213639 -0.23957724879 1.2713320577 -0.310546604641 3.67999982834
10.9983532333 13.2589439792 -0.250339132379 1.26374983745 -0.323144872581 3.72000002861
11.149679306 13.2191220141 -0.257319477345 1.26105060589 -0.331849708674 3.75999999046
11.3007582311 13.1785453674 -0.262387038071 1.25899104275 -0.338138723167 3.79999995232
11.4517342263 13.1374894983 -0.265515784465 1.25813329336 -0.342132242562 3.83999991417
11.6025947088 13.0961676443 -0.267350463214 1.25717068775 -0.344348783278 3.87999987602
11.7533752027 13.0547762178 -0.267914755904 1.25650411514 -0.34492855363 3.91999983788
11.9040566691 13.0134791789 -0.267499968403 1.25567888723 -0.344141990909 3.96000003815
12.0546365676 12.9724348788 -0.266110215577 1.25483248694 -0.342035833926 4.0
12.2068521241 12.9306032572 -0.268197284916 1.26846297125 -0.348596846786 4.03999996185
12.3583161365 12.8873753568 -0.278009503957 1.26220010291 -0.360232503295 4.07999992371
12.5095603769 12.8432908734 -0.28362092443 1.2603686707 -0.367370695571 4.11999988556
12.6601266074 12.7984532737 -0.289430980244 1.2547185873 -0.373646664009 4.15999984741
12.9599365047 12.7074613138 -0.296113247122 1.24726010918 -0.380517444643 4.24000000954
13.1092480287 12.6617033895 -0.297372289503 1.2442627005 -0.381316035648 4.27999997139
13.2584523982 12.6202408864 -0.271051658083 1.24336974566 -0.345520858923 4.31999993324
13.4080674292 12.5804182295 -0.260136295411 1.24679192542 -0.331855474487 4.3599998951
13.5578018279 12.5411389455 -0.256545903376 1.24778665509 -0.327327366353 4.39999985695
13.707571979 12.5020451814 -0.25532798139 1.24808459318 -0.325781368015 4.4399998188
13.857353209 12.4630398384 -0.254757141684 1.2481769162 -0.325044524848 4.48000001907
14.0071598766 12.4241495143 -0.25399655912 1.24838889654 -0.324086033888 4.51999998093
14.1570475594 12.3854862791 -0.25244507671 1.24906402387 -0.322193626759 4.55999994278
14.3071176473 12.347226381 -0.249629087531 1.25058406566 -0.318832484261 4.59999990463
14.4575173808 12.3095842289 -0.245242843614 1.25333111238 -0.313684601064 4.63999986649
14.6084750633 12.2728966051 -0.23841034743 1.25798068735 -0.305730198379 4.67999982834
14.7602156047 12.2376432281 -0.228277049288 1.26450451192 -0.293778141672 4.72000002861
15.0664559611 12.1721616801 -0.20474419837 1.2803449158 -0.265868706135 4.79999995232
15.2203374195 12.1415425443 -0.196413368063 1.28234548642 -0.255159464552 4.83999991417
15.3760864934 12.1116669958 -0.189516466672 1.29790894898 -0.248962904125 4.87999987602
15.5333911832 12.081797556 -0.187648735147 1.3108724152 -0.248911999093 4.91999983788
15.6928309807 12.0515571782 -0.18743998266 1.32866497958 -0.252003148186 4.96000003815
15.8541846558 12.0207587048 -0.188606866068 1.34461395931 -0.256653945045 5.0
16.0172838489 11.9886062258 -0.194638765933 1.35915994214 -0.267937325104 5.03999996185
16.1823825208 11.9547487183 -0.202269974094 1.37582226546 -0.282145895227 5.07999992371
16.3497524412 11.9190674882 -0.210043412627 1.39474933702 -0.297343584069 5.11999988556
16.5197308891 11.8816424969 -0.216717144334 1.41648706553 -0.311874927473 5.15999984741
16.6926347397 11.8427197012 -0.221421395792 1.44086542175 -0.324356630902 5.19999980927
16.8686920682 11.8026750261 -0.223647513682 1.46714440449 -0.333705625873 5.24000000954
17.0479953215 11.761952602 -0.223326434 1.4941937772 -0.339353534248 5.27999997139
17.4161302214 11.6808065422 -0.213195254601 1.54697071904 -0.334896182512 5.3599998951
17.6046431286 11.6423093418 -0.201445328238 1.57094089323 -0.320810002857 5.39999985695
17.7956900188 11.6060627235 -0.187497763179 1.59205741785 -0.302055152736 5.4399998188
17.9889936173 11.5724423636 -0.172202578479 1.61086332123 -0.280169666148 5.48000001907
18.1843565012 11.541708507 -0.156037912282 1.62802403217 -0.256115471618 5.51999998093
18.3816404929 11.5140443795 -0.139316508771 1.64403326478 -0.230534395803 5.55999994278
18.5807377598 11.4895767362 -0.122279789679 1.65914389035 -0.203897026785 5.59999990463
18.7815466198 11.4683904044 -0.105116090243 1.67340716717 -0.176552765235 5.63999986649
18.9839912295 11.4503041538 -0.0891026998487 1.6870384134 -0.150718755349 5.67999982834
19.1880515777 11.4347387281 -0.0761311154484 1.70050290228 -0.129711880709 5.72000002861
19.3936836667 11.421338022 -0.065076340217 1.71360074121 -0.11167255117 5.75999999046
19.6008065296 11.4098645552 -0.0553379405642 1.72602385791 -0.0956122229692 5.79999995232
19.8093056566 11.4001517954 -0.0465505213578 1.73749272443 -0.0809396647221 5.83999991417
20.2298502888 11.385552942 -0.0309447272893 1.75675097219 -0.0543795383741 5.91999983788
20.4415645586 11.3804963566 -0.0238794685356 1.76428558139 -0.0421382118101 5.96000003815
20.6539518834 11.3768854559 -0.0169998511755 1.76989437356 -0.0300908397029 6.0
20.8677095761 11.375101636 -0.00834486178616 1.78131410584 -0.0148651650663 6.03999996185
21.0834024582 11.3752363137 0.000624395406274 1.79744068374 0.00112231385183 6.07999992371
21.3014928084 11.3772657707 0.00930531033324 1.81741958546 0.0169121413852 6.11999988556
21.5223464381 11.3811886532 0.0177604960366 1.84044691429 0.0326906874638 6.15999984741
21.7462707689 11.3870896581 0.0263465763191 1.86603608951 0.0491750409282 6.19999980927
21.9732181141 11.3951352009 0.0354363030699 1.89122787696 0.067046190578 6.24000000954
22.2000757692 11.4054032395 0.0452311615576 1.89048045874 0.0855669876458 6.27999997139
22.4268266036 11.4178083731 0.0546537334468 1.88959028718 0.103376113586 6.31999993324
22.6534563164 11.43225834 0.0636740560959 1.88858094004 0.120416390875 6.3599998951
22.8799494079 11.4487115402 0.072515898492 1.88744242873 0.137110001386 6.39999985695
23.332454773 11.4876236926 0.0902137309527 1.88472042727 0.170490425777 6.48000001907
23.5584297373 11.5100990972 0.0991336838457 1.88312470195 0.18729503773 6.51999998093
23.7841931504 11.5346084738 0.108138711605 1.88136177646 0.204244804888 6.55999994278
24.0096646262 11.5611655301 0.11724435658 1.87892896503 0.221308802655 6.59999990463
24.2339881305 11.5898154525 0.127029282423 1.86936253552 0.238749353176 6.63999986649
24.4571395134 11.6203729592 0.136089801092 1.85959485715 0.254645889448 6.67999982834
24.6797936012 11.652591775 0.143705971254 1.85545073244 0.268490132133 6.72000002861
24.9023756962 11.6863273901 0.150419980914 1.85485079162 0.281130125262 6.75999999046
25.1251640766 11.7214309753 0.156279855867 1.85656983619 0.292529877194 6.79999995232
25.3483520965 11.7576919154 0.161060853517 1.85990016637 0.302174500527 6.83999991417
25.5720598177 11.7948136644 0.164440217456 1.8642310099 0.309347908297 6.87999987602
25.7960172261 11.8324023263 0.166288563666 1.86631173639 0.313238849545 6.91999983788
26.0199474662 11.8701525028 0.167009791285 1.8660853345 0.314584803529 6.96000003815
26.4678610499 11.9453369393 0.165891858107 1.86643585313 0.312498448675 7.03999996185
26.6919096156 11.9823783822 0.163845655124 1.86707138061 0.308678690523 7.07999992371
26.9160776875 12.0186895901 0.160587256348 1.8680672656 0.302593399543 7.11999988556
27.1404090936 12.0539776688 0.156024809684 1.86942838432 0.294067322473 7.15999984741
27.3648987663 12.088244491 0.15147397746 1.87074727278 0.285556851833 7.19999980927
27.589522704 12.1216198546 0.147504124605 1.87186614727 0.278128029792 7.24000000954
27.8142434313 12.1543371742 0.144575221169 1.87267272738 0.272644329483 7.27999997139
28.0390174333 12.1866864598 0.14293767654 1.8731166836 0.269577380132 7.31999993324
28.2164794384 12.1563065718 -0.16954741998 1.47885004259 -0.253165732695 7.3599998951
28.3563655113 12.0791131515 -0.504247601982 1.16571727351 -0.643278502759 7.39999985695
28.4677484243 11.9698702513 -0.775698728122 0.928190942341 -0.910357501455 7.4399998188
28.554545258 11.8459038884 -0.959960037863 0.723306947 -1.0330530242 7.48000001907
28.617883767 11.7180280826 -1.11090559453 0.527820908213 -1.06563171552 7.51999998093
28.6945179842 11.4359767032 -1.35439441964 0.26922224247 -1.22460345634 7.59999990463
28.720378369 11.2773255148 -1.40921584406 0.215503206673 -1.32209323715 7.63999986649
28.7425126929 11.1104393613 -1.43893464978 0.184452699071 -1.39071794576 7.67999982834
28.7624852882 10.9388860364 -1.45489600654 0.166438294432 -1.42961104027 7.72000002861
28.7718342199 10.7532015988 -1.52049031256 0.0779077643901 -1.54737031384 7.75999999046
28.7756640093 10.5594979988 -1.55102751259 0.0319149116179 -1.61419666682 7.79999995232
28.7755654175 10.3601688688 -1.57129094514 -0.00082159877027 -1.66107608301 7.83999991417
28.7726317125 10.1567652114 -1.5852183955 -0.0244475410346 -1.69503047819 7.87999987602
28.7677764203 9.95027198992 -1.59430507773 -0.0404607682564 -1.7207768457 7.91999983788
28.7616731187 9.74136875313 -1.6000039451 -0.0508608470561 -1.74086030664 7.96000003815
28.754797183 9.53055458887 -1.60340086745 -0.057299463863 -1.75678470213 8.0
28.7472150616 9.3182551902 -1.60649543979 -0.0631843454024 -1.76916165561 8.03999996185
28.7306549702 8.8904310176 -1.61019939596 -0.0704252184449 -1.78637778025 8.11999988556
28.7220250871 8.67535887122 -1.61090033933 -0.0719156926872 -1.79226788651 8.15999984741
28.7133530981 8.45974075398 -1.61099386588 -0.072266575446 -1.79681764365 8.19999980927
28.7047512989 8.24370912468 -1.61059261835 -0.0716816600221 -1.80026357751 8.24000000954
28.6963108567 8.02737547619 -1.60979240222 -0.07033701792 -1.80278040411 8.27999997139
28.6881051128 7.81083546911 -1.60867301995 -0.0683811990488 -1.80450005895 8.31999993324
28.6802263253 7.59415703607 -1.60714197423 -0.0656565629032 -1.80565360866 8.3599998951
28.6727410869 7.37739001251 -1.60531387119 -0.0623769865416 -1.80639186304 8.39999985695
28.6656788791 7.16057594487 -1.60335746002 -0.0588517313892 -1.80678389701 8.4399998188
28.6590504806 6.94374987576 -1.60135692736 -0.0552366545853 -1.80688390923 8.48000001907
28.652856842 6.72694109173 -1.5993558455 -0.0516136546121 -1.80673986688 8.51999998093
28.6470936851 6.51017347169 -1.59737686318 -0.04802630789 -1.80639683365 8.55999994278
28.6368019992 6.07679289261 -1.59361329583 -0.0412035828966 -1.80551729709 8.63999986649
28.6322485494 5.8601392044 -1.59181041416 -0.03794541506 -1.80544740174 8.67999982834
28.6280592545 5.64335302519 -1.5901184697 -0.0349107908206 -1.80655149337 8.72000002861
28.6241751144 5.4263338036 -1.58869209367 -0.0323678337405 -1.8084935133 8.75999999046
28.6205383264 5.20900898222 -1.58752910745 -0.0303065665826 -1.81104017817 8.79999995232
28.6171044334 4.99132409228 -1.58656962282 -0.0286157749548 -1.81404074952 8.83999991417
28.6138447866 4.77323541025 -1.58574164226 -0.0271637237503 -1.81740568351 8.87999987602
28.6107451667 4.55470488063 -1.58497929753 -0.0258301662135 -1.82108774689 8.91999983788
28.6078033355 4.33569682708 -1.58422804377 -0.0245152592134 -1.82506711292 8.96000003815
28.6050266647 4.11617594437 -1.5834444301 -0.02313892391 -1.82934068922 9.0
28.6029741714 3.89652623013 -1.58014044784 -0.0171041104494 -1.83041428536 9.03999996185
28.6020334122 3.67700381748 -1.57508178201 -0.00783966022648 -1.82935343874 9.07999992371
28.6024650747 3.45777816698 -1.56882729638 0.00359718776182 -1.82688042081 9.11999988556
28.6080538211 3.02059789845 -1.55423733271 0.0301343672261 -1.81965237364 9.19999980927
28.6133694785 2.80272769304 -1.54640289034 0.0442971449615 -1.81558504508 9.24000000954
28.6204087241 2.58534288106 -1.53842614095 0.0586603798097 -1.81154009984 9.27999997139
28.629174479 2.36842070939 -1.53040862378 0.0730479575052 -1.80768476394 9.31999993324
28.6393920605 2.1523644855 -1.52354022631 0.0851465126573 -1.80046853237 9.3599998951
28.6507864491 1.93773998451 -1.51775624289 0.0949532386249 -1.78853750826 9.39999985695
28.6632041488 1.72502686781 -1.51248482111 0.103480830476 -1.77260930583 9.4399998188
28.6765417421 1.51461269716 -1.50749368461 0.111146610777 -1.75345142206 9.48000001907
28.6907144079 1.30679237929 -1.50270502721 0.118105548321 -1.73183598229 9.51999998093
28.7056399955 1.10177175793 -1.49812410985 0.124379896568 -1.70850517801 9.55999994278
28.7212300307 0.899674665151 -1.49380748622 0.12991696009 -1.68414243979 9.59999990463
28.7373850334 0.700552744601 -1.48984242448 0.134625022678 -1.65934933792 9.63999986649
28.7539216947 0.503823775094 -1.48693538034 0.137805511068 -1.63940807922 9.67999982834
28.7871006794 0.111873742779 -1.48655180819 0.137963218955 -1.6337761237 9.75999999046
