24.3910863047 29.9183674931 -1.35027770521
24.4264227658 29.7628991369 -1.34730294368
24.4981678752 29.4531760228 -1.34180763808
24.5347022305 29.2984740258 -1.33888577731
24.5989690028 29.1691568767 -1.10957547664
24.6847055232 29.059678958 -0.906420848355
24.7871357845 28.9656680504 -0.742564962209
24.9026643455 28.8836282458 -0.617489483488
25.0285818216 28.8108091443 -0.524316881073
25.1625902979 28.7451585582 -0.455534009732
25.3028010367 28.6851224295 -0.404565236279
25.4477380469 28.629488741 -0.366504607849
25.596265045 28.5773022995 -0.337885858934
25.7475153962 28.5278052531 -0.316267803055
25.9008314515 28.480394156 -0.299910011085
26.211340333 28.3901353194 -0.278232832474
26.3672373007 28.3466488159 -0.27202908548
26.5232321953 28.3035149154 -0.269768027697
26.6791986843 28.2602784167 -0.270425789197
26.8350458355 28.216613717 -0.273172306641
26.9907093057 28.172298657 -0.277347826508
27.1461450945 28.1271914946 -0.282440096014
27.3013241062 28.0812087277 -0.288077961211
27.4562300927 28.0343144224 -0.293957225088
27.6108589773 27.9865143329 -0.299809758955
27.76547385 27.9386689394 -0.300102756968
27.9202838491 27.8914587215 -0.295997239803
28.0754510616 27.8454361543 -0.288334450883
28.3036850083 27.6739491033 -0.755696552491
28.3872062283 27.5617075182 -0.931068983973
28.4553997973 27.4380958846 -1.06666728633
28.5110497411 27.3064602105 -1.17082678866
28.5572366207 27.1688076868 -1.24706793342
28.5968007198 27.0264012077 -1.29980551323
28.6319363773 26.8802060839 -1.33493556972
28.6643368168 26.7309612449 -1.35701775421
28.6953143594 26.5792124943 -1.36942601564
28.7259178701 26.4253096393 -1.37450723038
28.7569273487 26.2695079863 -1.37433193101
28.7889006221 26.1120894322 -1.37041223441
28.8549831812 25.7952096074 -1.36463102984
28.8878807899 25.6367397747 -1.36610827636
28.9202320288 25.4781575 -1.36955483467
28.9518027329 25.3194179927 -1.37447434107
28.9824186286 25.1604915712 -1.38048572174
29.0119520813 25.0013604438 -1.38729228213
29.0403126774 24.8420161088 -1.39465769204
29.0674405152 24.6824572766 -1.40238889333
29.0941103127 24.5228212455 -1.40525886378
29.1209155887 24.3632079074 -1.40441013253
29.1482597224 24.2039969981 -1.40070789147
29.1764265459 24.0456060462 -1.39480509704
29.2056271523 23.8883510255 -1.38719795858
29.2676909721 23.5781413478 -1.3683506927
29.3007230186 23.4254972459 -1.35768326666
29.3348596528 23.274175806 -1.34892019291
29.3697529708 23.1236695564 -1.34298140878
29.4051244807 22.9735903829 -1.33933468443
29.4407506161 22.8236410298 -1.33753342514
29.4764511814 22.6735935379 -1.33721100409
29.5120799107 22.5232655976 -1.3380835373
29.5475180848 22.3725287854 -1.3398899186
29.5826683991 22.2212818617 -1.34244639871
29.6174130124 22.0696211525 -1.3455882462
29.6515818109 21.9179707223 -1.34918408034
29.6795323908 21.766052723 -1.38884648821
29.7214883019 21.4629382489 -1.44605516123
29.7372116187 21.3122849677 -1.46680524424
29.7502661017 21.1624909995 -1.48386637129
29.7611069636 21.0136918676 -1.49806914331
29.7700898706 20.8659903627 -1.51005316698
29.7771242306 20.7191344735 -1.52293316246
29.7821533774 20.5729316407 -1.53641146187
29.7851480014 20.4272341827 -1.55024550532
29.7860996659 20.2819297986 -1.56424696582
29.7850178199 20.1369328021 -1.57825735013
29.7819270436 19.992177105 -1.59214475596
29.7768650511 19.8476113739 -1.60579718861
29.7698812949 19.7031953448 -1.61911727821
29.7528714297 19.4123586195 -1.63063849491
29.7442549904 19.2646859241 -1.62907846855
29.7362411856 19.1149226504 -1.6242551558
29.7291911258 18.962758496 -1.61709515211
29.7233785885 18.8079559015 -1.6083267571
29.7190085195 18.6503313239 -1.59851376753
29.7162313909 18.4897412968 -1.58808788461
29.7151614021 18.3278963227 -1.57740742673
29.7158402809 18.1660492355 -1.56660178186
29.7182903695 18.0042192704 -1.5556575892
29.7225258358 17.8424261885 -1.54462401354
29.7285424917 17.6806895496 -1.53361314574
29.7363205602 17.5190280447 -1.52272010072
29.7570182318 17.1959978303 -1.50159578098
29.7698292402 17.0346571393 -1.49155911998
29.7839985104 16.8734300562 -1.48313761055
29.7993280723 16.7123091542 -1.47593864074
29.815661854 16.5512869567 -1.46970404112
29.8328969981 16.3903855543 -1.46408702553
29.8509121283 16.2298943608 -1.45901428545
29.8696064436 16.0700292674 -1.45438695066
29.8888904787 15.9109497818 -1.45016229241
29.9086825131 15.7527720222 -1.44631799401
29.9280069567 15.5952060267 -1.44876225727
29.9457025589 15.4378186176 -1.45883312821
29.9609369289 15.2802447927 -1.47441503829
29.9773244731 14.9677634441 -1.53325618833
29.9785718823 14.8118585159 -1.56279540898
29.9752814488 14.655659393 -1.59185884494
29.9675310192 14.4988596505 -1.62018497207
29.9555048573 14.3411755037 -1.64691637829
29.9409705171 14.1823448868 -1.66205060711
29.9249662819 14.0223928124 -1.6705208603
29.9081233701 13.8614774524 -1.67508596371
29.8909196718 13.7005458729 -1.67729258353
29.8737023653 13.5396157487 -1.67737714234
29.8566398654 13.3786691376 -1.67641524245
29.8397911592 13.2177000051 -1.67508698449
29.8231521556 13.056709061 -1.67378432187
29.7901934169 12.7357754178 -1.6731962844
29.7738515645 12.5771157919 -1.67343383019
29.7576649112 12.4201634513 -1.6735640178
29.7416888883 12.2651615686 -1.67350351534
29.7259843825 12.1122949583 -1.67317057126
29.7106278015 11.9617062507 -1.67242199596
29.6957232487 11.8134946364 -1.67102202823
29.6805903562 11.6672260769 -1.67388917881
29.6645482461 11.5221808902 -1.68094940776
29.6473315758 11.3776584778 -1.68936557241
29.6289045346 11.2330226507 -1.69751666776
29.6093544214 11.0877421846 -1.70456084038
29.5888542865 10.9413985491 -1.70997286325
29.5460645445 10.6443632945 -1.71437436651
29.5251459656 10.4933612192 -1.7084519348
29.5054888311 10.3409437991 -1.69905741109
29.4875934565 10.1873659374 -1.68679635143
29.4719062371 10.0328718444 -1.67198878831
29.4547855154 9.88119677269 -1.68319817771
29.437456707 9.73178101288 -1.68625760535
29.4203244519 9.58431159906 -1.68645283474
29.4033047749 9.43857503426 -1.68705356079
29.3860509752 9.29436713454 -1.68987558907
29.368210407 9.15104101316 -1.69463470344
29.3495573509 9.0079924283 -1.70046136776
29.3299787188 8.8646755941 -1.70656671677
29.2879928591 8.5753881967 -1.7174546568
29.2657141214 8.42866717246 -1.72148941088
29.2427449671 8.28017980226 -1.72426753737
29.2192346928 8.12973705349 -1.72581639399
29.1958659251 7.97735277099 -1.72296502764
29.1732934191 7.82318859493 -1.71618187608
29.1519151146 7.667413256 -1.70718239535
29.1320430873 7.51015472836 -1.69649542953
29.1139824564 7.35149630039 -1.68414184423
29.0980685059 7.1914867856 -1.66992661023
29.0846982698 7.03019147473 -1.653500147
29.0743520457 6.86867399528 -1.63476530357
29.0671300498 6.7069866943 -1.61543309641
29.0611627443 6.3833567596 -1.58059448402
29.0623662545 6.22151272331 -1.56336022927
29.0662980447 6.05971197687 -1.54650091013
29.072779913 5.89799331405 -1.53073663001
29.0814798307 5.73637879751 -1.5170169458
29.0919278534 5.57486787113 -1.50619707345
29.1035980422 5.41344065157 -1.49862806812
29.1163772913 5.25209744188 -1.49175596452
29.1301596361 5.09083682209 -1.48553723823
29.1448281313 4.93004211397 -1.47982314167
29.160289425 4.77001599482 -1.47447797843
29.1764693639 4.61098822965 -1.46940237449
29.1933084702 4.45313317435 -1.46452373592
29.2287796006 4.14143816148 -1.45515775653
29.2471479491 3.98729135832 -1.45219418071
29.265596922 3.83359137682 -1.45133549155
29.2839247107 3.67991878504 -1.45209185641
29.3019798367 3.52595434201 -1.45406133083
29.3196499606 3.37145484943 -1.45692101263
29.3368531756 3.21623472584 -1.46041572392
29.3535311854 3.0601519455 -1.46434661907
29.3696439153 2.90309731501 -1.46856085975
29.3852259497 2.74508461137 -1.47250158292
29.4004279751 2.58631981254 -1.47533549442
29.4153649645 2.42695988895 -1.47733822851
29.4447754903 2.10690531638 -1.47960920202
29.4593688656 1.94637178152 -1.48014003745
29.4739455588 1.78557712885 -1.48038935474
29.4885371855 1.62456178583 -1.48042060335
29.5031668331 1.46337582511 -1.48028178901
29.5180575206 1.30221377019 -1.47866217348
29.5333904584 1.14109318944 -1.47591768871
29.5493015977 0.9800286801 -1.47232844156
29.5658910756 0.81903262505 -1.46811595628
29.5832304033 0.658115602217 -1.46345725571
29.6013679453 0.497286593354 -1.45849549945
29.6203331042 0.336553077025 -1.45334804005
29.6401394912 0.17592105172 -1.4481127166
