24.6291151884 29.9354190816 -1.37673021244
24.6587630215 29.776319909 -1.38656135934
24.6871272163 29.616986883 -1.39462355545
24.7144276423 29.457468146 -1.4012960283
24.7717210407 29.3223801844 -1.16967196028
24.8520244388 29.2067550532 -0.963761004728
24.9499399299 29.1067410826 -0.79599992459
25.0613482346 29.0193009763 -0.665441839868
25.1830731728 28.9419094239 -0.566321132675
25.4478272333 28.8086901532 -0.440076808703
25.5869769087 28.7492539565 -0.403680660719
25.7285821669 28.6927145312 -0.379881134119
25.8714644564 28.6379939519 -0.365745485191
26.0147136453 28.5842489769 -0.358933023982
26.1576539185 28.5308400791 -0.357582070241
26.2998040176 28.4773002186 -0.360210457231
26.4408373432 28.423305384 -0.365636435305
26.5810627245 28.3683041034 -0.373794405795
26.7207865347 28.3119214713 -0.383545051198
26.8603372105 28.2539224383 -0.393892728307
27.0000838271 28.1941806513 -0.403986918448
27.1404431372 28.1326538717 -0.413125311201
27.4248487333 28.0044121613 -0.426420651814
27.5698752575 27.9379567316 -0.429676456497
27.7167871596 27.8707596341 -0.428988412463
27.8642507602 27.8040810978 -0.42465658349
28.012165857 27.7384102149 -0.417833820141
28.1606539063 27.6740453179 -0.409021649755
28.2797473781 27.5773671987 -0.681884836645
28.3789891121 27.4626433222 -0.857630365419
28.4628448873 27.3357550257 -0.98682244377
28.5344690046 27.2004158616 -1.08404732439
28.5963487776 27.0590911221 -1.15808778311
28.6506400438 26.9133157825 -1.21427976618
28.6990008459 26.7642226834 -1.25713754132
28.7827463876 26.4592358517 -1.31551201584
28.8198797748 26.3044333042 -1.3353687713
28.8546978695 26.1485928832 -1.35098486648
28.887658653 25.9919724421 -1.36337310673
28.9191185624 25.8347642977 -1.37328895984
28.9496298209 25.676826107 -1.37996234484
28.9796171288 25.5180489701 -1.38413088957
29.0092929145 25.358955009 -1.38638566407
29.0388387174 25.1998368571 -1.38720262037
29.068425402 25.0407263018 -1.38694568828
29.0981791367 24.8816469002 -1.38589568556
29.1281914486 24.7226160797 -1.38426997792
29.1585272785 24.5636466545 -1.3822352755
29.2207377026 24.2460059604 -1.37540142249
29.2528817794 24.0873922818 -1.37084784797
29.2858094619 23.928939423 -1.3659050104
29.3195592421 23.7706596294 -1.36071390812
29.35415166 23.6125618579 -1.35538713507
29.3895923811 23.4546520862 -1.35001826891
29.4258035049 23.2969171971 -1.34513682277
29.4626597109 23.1393317891 -1.34104522894
29.4998107379 22.9818156251 -1.33917395378
29.5369763581 22.8243029037 -1.33908130643
29.5739304371 22.6667404184 -1.34042410507
29.6104885332 22.5090855856 -1.3429365468
29.6464981625 22.3513045749 -1.34641406093
29.7165600105 22.0353028058 -1.35452250258
29.750570997 21.8770789343 -1.35906333484
29.7795248984 21.7178520135 -1.39092123196
29.8042666984 21.5579164513 -1.41731441524
29.8250156823 21.3974140513 -1.44223411823
29.8423108753 21.2365028428 -1.46372454631
29.8565744676 21.0752946214 -1.48254682677
29.8681361049 20.9138701212 -1.49929585255
29.8772556899 20.7522892625 -1.51441638087
29.8841376833 20.5905976458 -1.52825953739
29.8892518449 20.4288404634 -1.53919056752
29.8931077384 20.267161453 -1.54695177984
29.8960900699 20.1058868552 -1.5523061763
29.8998115936 19.7862225606 -1.56091865371
29.9010089683 19.6281526915 -1.563221501
29.9019806811 19.4714246452 -1.56459641314
29.9028408979 19.3161443096 -1.56525661667
29.9035936339 19.162399013 -1.56590037199
29.9040817042 19.0102531016 -1.56758842863
29.9041807779 18.8597744047 -1.57013793664
29.9037939984 18.7110238837 -1.57339651016
29.9028462125 18.5640485349 -1.5772448418
29.9012779555 18.4188772001 -1.58159870762
29.899039102 18.2755249217 -1.58641290081
29.8960847872 18.1339882796 -1.59166644067
29.8923714056 17.9942434685 -1.59736266579
29.8806673203 17.7172728678 -1.61933863801
29.8718309569 17.579272087 -1.63474028863
29.8605158015 17.4412470465 -1.65259241994
29.846395334 17.3029482706 -1.67254491471
29.8291770734 17.1640732897 -1.69415072101
29.8086216101 17.0242400248 -1.71675081892
29.7845781155 16.8829819577 -1.73939029592
29.7578729955 16.7405772973 -1.75617308166
29.7297731079 16.5973956329 -1.76458679937
29.7011848305 16.4542106713 -1.767864727
29.6728935148 16.3115182088 -1.76652572331
29.645551304 16.1696441905 -1.76118388663
29.619675715 16.028819794 -1.75251304847
29.5649292785 15.7635979215 -1.8107787741
29.5303921815 15.6472598452 -1.85937761036
29.4926139436 15.5376756413 -1.90277897797
29.4522662127 15.4324896573 -1.93707195953
29.4098900857 15.3298215204 -1.96224431412
29.3660453234 15.2280538669 -1.97759634746
29.3214973327 15.1256905821 -1.98127045117
29.2770127714 15.0214972601 -1.97431116936
29.2336183339 14.9143298745 -1.95553863673
29.1925460591 14.8032065743 -1.9248330986
29.1555682696 14.6872840331 -1.87958014346
29.1250218448 14.5658901819 -1.81730921588
29.1027346721 14.4390341784 -1.74471019871
29.0837015617 14.1726358729 -1.61289503339
29.0675569052 14.0307118781 -1.68406507364
29.0494402805 13.8822802497 -1.69224927329
29.031253451 13.7285583455 -1.68855885414
29.0139191028 13.5708773292 -1.68028966098
28.998010123 13.4104719385 -1.66965286661
28.9840175928 13.2492399633 -1.6573645097
28.9721349121 13.087838778 -1.64428575851
28.9623824191 12.9262948843 -1.63109369043
28.9545799626 12.7646450702 -1.61902654411
28.9484027829 12.6034009246 -1.609087084
28.9431515814 12.4429027139 -1.60350279063
28.9382709351 12.2833077452 -1.60136825358
28.9283429611 11.9665562198 -1.6029181612
28.9228384237 11.8092708149 -1.60577917675
28.916743499 11.6526363018 -1.60968846594
28.909935477 11.4965954363 -1.61439841249
28.9023413993 11.3410814013 -1.61958967271
28.8939532936 11.1860111884 -1.62483596917
28.8848395196 11.0312849052 -1.6296309063
28.8753952999 10.8768313724 -1.63186631812
28.8659701433 10.7225845237 -1.63182481763
28.8568808981 10.5684860653 -1.62971143008
28.8484187107 10.4144877672 -1.6256909957
28.8408552379 10.2605523264 -1.61989090218
28.8344482491 10.1066534127 -1.61240345112
28.8260909215 9.79891963275 -1.59260116318
28.8242544647 9.64504093341 -1.58273020518
28.8237266971 9.49109219968 -1.57422451704
28.8244210839 9.33705439348 -1.5662884585
28.8263341619 9.18293462348 -1.55838403365
28.829509818 9.02876370913 -1.55020095651
28.8340035995 8.87459247282 -1.54165658828
28.8398443993 8.72048551823 -1.53291351026
28.8469947177 8.5665113896 -1.52439122565
28.8553519614 8.41273820682 -1.51650187863
28.8647701368 8.25922850501 -1.50952081872
28.8750019804 8.10601095662 -1.50411548995
28.8968081251 7.80045536996 -1.498570773
28.9079339621 7.6481040411 -1.49789822945
28.9189915365 7.49602871632 -1.49821289389
28.9298665759 7.34422445931 -1.49927993538
28.9404729808 7.1926871903 -1.50091823159
28.9512325657 7.04060182486 -1.50016699625
28.96246503 6.88735235631 -1.49763186708
28.9744116335 6.732473989 -1.49381337327
28.9872532496 6.57561709777 -1.48911014251
29.0011241301 6.41652009756 -1.48383117569
29.0160865244 6.25537523267 -1.47821120271
29.0319828706 6.09431981704 -1.47241388211
29.0488315852 5.93336124616 -1.4664988239
29.0835547945 5.61155313357 -1.46336602401
29.1004877166 5.45060339957 -1.46597564737
29.1166990767 5.2895793873 -1.47045775641
29.1319620997 5.12846271885 -1.47634545991
29.1461057533 4.96724393028 -1.48329080126
29.1590004641 4.80592044421 -1.49103512881
29.1705477768 4.64449491867 -1.49938459115
29.1810451631 4.48299771868 -1.50588721575
29.1914639351 4.32149542794 -1.50637399261
29.202541498 4.16003698646 -1.50229430193
29.214808946 3.99907318866 -1.49473090448
29.2286611194 3.83900598055 -1.48447166378
29.2622153673 3.52268249596 -1.45807571414
29.2822852905 3.36681244245 -1.44274030718
29.3047061968 3.21264467708 -1.42637695492
29.3282144642 3.05982929652 -1.41815844871
29.3518375537 2.90813578656 -1.41630813829
29.374829093 2.75742210193 -1.41941234826
29.3966182944 2.60761141624 -1.42636418631
29.4169791926 2.45893236921 -1.43469760222
29.4322685392 2.3137649977 -1.46586099616
29.4371459007 2.17675598539 -1.53521251575
29.4306186449 2.04786856331 -1.62139617649
29.4151356215 1.92314415535 -1.6943023739
29.3930999588 1.79962011896 -1.74733100137
29.3371169558 1.55093943188 -1.80229432687
29.3061198171 1.42507183368 -1.81225927443
29.2745250981 1.29828145926 -1.81501119717
29.2430961019 1.17080129531 -1.81251614752
29.2124643093 1.04288346567 -1.80583501112
29.1834823499 0.914433230656 -1.79270835181
29.1574738568 0.784759096574 -1.76873806532
29.1354757643 0.653446576217 -1.73677974508
29.1182469592 0.520302322257 -1.69948080403
29.106220186 0.385303609606 -1.65964981332
29.0994387212 0.24853640832 -1.62033975056
29.0975595784 0.110120669131 -1.58437157055
