30.4848406181 0.179645447863 1.54537176638
30.4957354938 0.621287219476 1.54630263278
30.5010451798 0.838975973553 1.54640997996
30.5063189093 1.05425734414 1.54630431004
30.511593663 1.26698091507 1.54600512481
30.516962294 1.47724170382 1.54526867237
30.5226265693 1.68550129463 1.54360488139
30.528810668 1.89203313252 1.54086267816
30.5357336009 2.09698935572 1.53703154634
30.5435946301 2.30044749315 1.53217845123
30.5525380639 2.50245855546 1.52655321706
30.5626997417 2.70303190216 1.52017645581
30.5741978353 2.90216048265 1.51311831621
30.5871239171 3.09983981237 1.50550014205
30.6173734191 3.49287760844 1.49012443462
30.6346930549 3.6889750039 1.48270331452
30.6533898216 3.88515710881 1.47578018042
30.6733526315 4.08161489686 1.4695301719
30.6944337705 4.27849046443 1.46412428889
30.7164500415 4.47589375464 1.45972593457
30.7391881646 4.67392283088 1.4564748381
30.7622660368 4.8720769052 1.45485437038
30.785096837 5.0698499781 1.45586568031
30.8070879408 5.26688888092 1.45964837346
30.8276875126 5.46291899892 1.46609687432
30.8464301155 5.65776316819 1.47489859944
30.8629272219 5.8513407917 1.48577957349
30.8896368946 6.23753443633 1.50493831741
30.8995567932 6.43329742504 1.52016662863
30.9060645655 6.63100399353 1.53789188897
30.9087476565 6.83050975839 1.5573484489
30.9073319084 7.03161164389 1.57783616462
30.901689321 7.23409371869 1.59865621256
30.8917135911 7.43772515916 1.61974633656
30.8779602729 7.6423120343 1.63792016483
30.8613611029 7.84769372314 1.65144211824
30.8430449643 8.05374638505 1.65945387681
30.8243196362 8.26037868804 1.6611709674
30.8063578431 8.46753148028 1.65728794985
30.7903685956 8.67514521314 1.64765900525
30.7683957825 9.09188249457 1.61433757414
30.7626252633 9.30137668728 1.59833437141
30.753021909 9.51235293183 1.61628358042
30.7385707979 9.72439534501 1.63884308859
30.7188394762 9.93730504374 1.66320697403
30.6935085902 10.1509585619 1.6888060298
30.6623068505 10.3651740062 1.71543506567
30.6250837657 10.5797490623 1.74256046475
30.5817684237 10.7944867774 1.76983824896
30.5466110693 11.0120433534 1.73101220944
30.5172341142 11.2317153638 1.70373854801
30.4921847287 11.4530265305 1.68350293035
30.4704002776 11.6753726204 1.66846004373
30.4338595877 12.1198097554 1.64848294246
30.4181780322 12.3408603471 1.64161870288
30.4038194975 12.560722338 1.63601075356
30.3905897032 12.7792248636 1.63127005785
30.3783503481 12.9962650897 1.62712876788
30.3670018053 13.2117858002 1.62340413196
30.3564708223 13.4257600504 1.61997277005
30.3459405961 13.6389200052 1.62015678322
30.3347190837 13.8516791058 1.62349030932
30.3222404574 14.0642507073 1.62943220206
30.3080572442 14.2767285038 1.6374489553
30.2918282628 14.4891431157 1.64705056096
30.2733045771 14.7015019409 1.65780433447
30.2287511915 15.1261152229 1.68133638701
30.2030047448 15.3379310845 1.69175403236
30.175694499 15.5488031062 1.69959042492
30.1473911523 15.7585109569 1.70495127396
30.118594137 15.966942254 1.70808787845
30.0897320981 16.1740316919 1.70927424929
30.0611719579 16.3797354765 1.70875546809
30.0332297621 16.5840217039 1.70673242328
30.0061806238 16.786867355 1.70336263954
29.9802784169 16.9883462061 1.69865542174
29.9557495833 17.1886722836 1.69263438588
29.9327372975 17.3879522729 1.6857642531
29.8916423636 17.7835469687 1.67030388579
29.8737209308 17.979885253 1.66182242495
29.8576730258 18.1752428725 1.65275859338
29.8402211187 18.369759789 1.66027597538
29.8218033335 18.5634226286 1.66561347607
29.8019411113 18.7569450648 1.67307344384
29.7802834977 18.9506793613 1.68212439623
29.7566464044 19.1448468684 1.6919358384
29.7309584538 19.3396537279 1.70190360585
29.7032003411 19.5353458804 1.71170213917
29.6733683923 19.7322365142 1.72116792662
29.6414651384 19.9307218207 1.73016677612
29.60751312 20.1312879107 1.73848754828
29.5368234325 20.5373623045 1.74317226676
29.5019500371 20.7418335905 1.73972487243
29.4682806403 20.9465951679 1.73377014446
29.4362690374 21.1511721371 1.72601471089
29.4062544695 21.3551326888 1.71690633701
29.3784989218 21.55809914 1.70670277753
29.3532118237 21.7597523446 1.69554410483
29.330527365 21.9601450068 1.68351653253
29.3104221051 22.1599262187 1.67109502844
29.2927124006 22.3595592851 1.65927598736
29.2771652493 22.5593917447 1.64844084893
29.2635584216 22.7596940596 1.63862357618
29.2414806392 23.1625366781 1.62142491572
29.2327804706 23.3654047223 1.6136559139
29.2255510961 23.5694160915 1.60621764088
29.2192704648 23.7742690507 1.60144594251
29.2137020709 23.9797606661 1.59788761039
29.2086827568 24.1857292021 1.59516082904
29.2040896504 24.3920394593 1.59305575185
29.1998319603 24.5985749279 1.59140822072
29.1958465122 24.805231181 1.59007933452
29.1920947718 25.0119090133 1.58894693497
29.2018776886 25.2197906295 1.52377098291
29.2259344434 25.4287866779 1.45619442231
29.2626888399 25.6385855129 1.39736752061
29.3997163906 26.017303537 1.08250721439
29.5195389309 26.1537039465 0.850009059229
29.6585188792 26.2669400754 0.683679940899
29.8097364658 26.3632673438 0.567189863787
29.9698421849 26.4465888842 0.479846507881
30.1359065801 26.5201696441 0.417089141358
30.3052284441 26.5865068786 0.373401757927
30.476356398 26.6472103424 0.34087847713
30.6485629376 26.7032830192 0.31478617839
30.8214786838 26.7553780436 0.292625222456
30.9949033287 26.8039540854 0.273100355079
31.1687172951 26.849358394 0.255513830643
31.3428406502 26.8918699474 0.239461650293
31.6920089123 26.9698794427 0.214931265055
31.8672686361 27.0071264123 0.209408749235
32.0430041981 27.0440317911 0.206997158197
32.2192301202 27.0809890849 0.206719621358
32.3959706848 27.1182629231 0.207849978544
32.5732581004 27.1560285694 0.20988223136
32.7511293807 27.1943996446 0.212467913884
32.9296239504 27.2334464037 0.215363431264
33.1088844825 27.2731756563 0.218103144395
33.2891018197 27.3134751774 0.219996957961
33.4704637545 27.354161657 0.220684807697
33.6531520347 27.3950505748 0.220189073137
33.8373445133 27.4359761226 0.218637313918
34.2109512814 27.5173542462 0.212801316991
34.4007220483 27.5575274179 0.208613277974
34.5925503973 27.5972111981 0.203993765624
34.7861784191 27.636341813 0.199405992393
34.9814160312 27.6748063184 0.194522579218
