0.00224585522891 19.463550192 0.072491725913
0.168655357913 19.4777981935 0.0854118134615
0.334561030007 19.4943625061 0.0995119664993
0.499920404762 19.5133290779 0.114200045985
0.664930270523 19.5343928055 0.126964670219
0.830230369007 19.556633514 0.133744261582
0.996301842892 19.5793628766 0.136019834575
1.33214428547 19.624394662 0.131600938834
1.50241849361 19.6460576888 0.126544528633
1.67450480773 19.6668701611 0.120357503089
1.84853432858 19.6866977351 0.11344308108
2.02277974709 19.70525676 0.106110781147
2.19710745868 19.7230261789 0.101580284988
2.37147690755 19.7403812524 0.0992037513199
2.54585887061 19.7576101304 0.0984800523431
2.72023157252 19.7749324889 0.0990161345617
2.89457838375 19.7925135211 0.100499697016
3.06888651128 19.8104740321 0.102676511863
3.21189782454 19.7841148184 -0.182269917959
3.33010013651 19.7240528816 -0.470129063848
3.51244851686 19.5329314234 -0.900068390135
3.58429034018 19.4125829212 -1.03262380905
3.64700834755 19.2807990746 -1.12660109069
3.70266422411 19.1402858423 -1.19366523645
3.75286835207 18.9931093258 -1.24205863364
3.79887833037 18.8408469084 -1.27734482054
3.84167600454 18.6847027651 -1.30327558207
3.8820371742 18.5255760322 -1.32239316094
3.92058579907 18.3641129229 -1.33643765971
3.95780751527 18.200806789 -1.3466986133
3.99407972374 18.0360341942 -1.3541172964
4.02969505281 17.870082467 -1.35939049474
4.0648796542 17.7031707492 -1.36304027574
4.13461139484 17.3670957785 -1.36695671385
4.16939196343 17.1981568255 -1.36775667778
4.20417781463 17.02873316 -1.36829187711
4.23898922284 16.8588893211 -1.36863490215
4.27384030861 16.6886757429 -1.36883847324
4.30874126074 16.518133011 -1.36893711522
4.34370072498 16.3472951559 -1.36894769885
4.37872826395 16.176191708 -1.36887070908
4.41383625508 16.0048479229 -1.36869566162
4.44903980832 15.8332826019 -1.3684150358
4.48422464273 15.6616203442 -1.36863087264
4.51925013276 15.4899255035 -1.369559028
4.55400314594 15.3181753031 -1.37114575523
4.62221128123 14.9744152331 -1.37642614065
4.65541289081 14.8023583925 -1.38017054459
4.68785560413 14.6301568431 -1.38457941335
4.71944749482 14.4577971734 -1.3895179895
4.78580462343 14.3182752382 -1.1268556576
4.8790097662 14.204889588 -0.882772708587
4.99303596896 14.1124344359 -0.681306026045
5.12329674128 14.0368612493 -0.525709810042
5.26627433673 13.9750117987 -0.408274609515
5.41930757211 13.9244229717 -0.319265209097
5.58035872704 13.8831667787 -0.250775599756
5.74786128141 13.8497230886 -0.197069362043
5.92060279303 13.8228765049 -0.154181321587
6.26861018869 13.7815737347 -0.109789069132
6.44293520766 13.7637779196 -0.101731703405
6.61728284848 13.7462051162 -0.100452498894
6.7915632444 13.7279774758 -0.104209146492
6.96571289702 13.7085403523 -0.111151591416
7.1396946601 13.6876537683 -0.119478631461
7.31348679028 13.6652439766 -0.128238334162
7.48711416319 13.641591521 -0.135391983273
7.66062163053 13.6170749542 -0.140370506834
7.83404558998 13.5919744847 -0.143736601756
8.00741417504 13.5664943553 -0.145926151197
8.18074827702 13.5407806943 -0.147273309314
8.35406283067 13.5149356025 -0.148031603203
8.70067066321 13.4631029563 -0.148493860016
8.87398169986 13.4372342908 -0.148167621229
9.04732266115 13.4115669105 -0.147006311811
9.22049408458 13.3862355583 -0.145248910042
9.39330915082 13.361339998 -0.143074645908
9.56562507247 13.3369480345 -0.140619489332
9.73733305297 13.313103301 -0.137985470635
9.90834979967 13.2898308847 -0.135251871477
10.078611347 13.2671417015 -0.132480225708
10.2480683751 13.2450357576 -0.129719093544
10.4171184285 13.2231140344 -0.12895630794
10.5860631359 13.2010676887 -0.129761200356
10.755131505 13.1786587272 -0.131775694884
11.0942933953 13.1320689332 -0.138314410503
11.2646200243 13.1076477235 -0.142408137944
11.4355541705 13.082367561 -0.146829815796
11.6071552671 13.0561765644 -0.15145835053
11.7791219358 13.0291180916 -0.156067608316
11.9510525768 13.0012706127 -0.160574776596
12.1226434394 12.9727020177 -0.164979231568
12.2936672901 12.9434742384 -0.16926362936
12.4639530916 12.9136473691 -0.173398676202
12.6333719241 12.8832807621 -0.177356552191
12.8018275768 12.8524346247 -0.181104974165
12.9692494691 12.821172268 -0.18460207412
13.1357886948 12.7896491995 -0.187069978312
13.4695219006 12.74277331 -0.125874992407
13.6371760197 12.7253084899 -0.103797352437
13.8055717597 12.7108145236 -0.085859257651
13.9748238487 12.6987466359 -0.0711808009839
14.1450192825 12.6886850332 -0.0590492086633
14.3162240018 12.6803058335 -0.0489035518369
14.488487968 12.6733587586 -0.0403062379933
14.6615709896 12.6674795821 -0.0339543238994
14.8352904436 12.6623888002 -0.0292962321444
15.0095074556 12.6578719858 -0.025920561417
15.1841163839 12.6537647006 -0.0235184299664
15.3590368179 12.6499409069 -0.021856707784
15.5342074888 12.6463040657 -0.020758719151
15.8845999582 12.639323599 -0.0197482738242
16.0597968308 12.635865403 -0.0197363512438
16.234794811 12.6323619843 -0.0200170924677
16.4093925321 12.6287782466 -0.0205228028456
16.5834360289 12.6250874354 -0.0212030793261
16.7568071141 12.6212691068 -0.0220204617718
16.9294144927 12.6173075363 -0.0229473105228
17.101186065 12.6131870463 -0.0239835958697
17.2720656267 12.6088980218 -0.0250944235135
17.4420768252 12.6045533506 -0.0255496453046
17.6113734356 12.6004798089 -0.0240569250191
17.7800727577 12.5969249188 -0.0210692253902
18.1160206869 12.5920716672 -0.0119441934217
18.2833944879 12.5910177995 -0.00629640856953
18.4504298325 12.5909901486 -0.000165539245104
18.6171612125 12.592043275 0.00631622205276
18.7836162103 12.5942148454 0.0130452511307
18.9500880682 12.5967203296 0.015049360599
19.1167965591 12.598959253 0.0134293628618
19.2839062395 12.6004734196 0.00906066685171
19.4515401914 12.6009146898 0.00263233765162
19.6197904077 12.6000201619 -0.00531660228961
19.7887256671 12.5975930893 -0.0143658915727
19.9583975242 12.5934882436 -0.0241881311798
20.1288448778 12.587600725 -0.0345278387016
20.4717262259 12.5727162961 -0.0449809232149
20.643963629 12.5649382011 -0.045128490249
20.8166383163 12.5575127285 -0.0429761925185
20.9897002459 12.5507425806 -0.0390998615097
21.1631114002 12.5448547236 -0.0339401233751
21.3368412919 12.5400159638 -0.0278450023003
21.5108623454 12.5363435427 -0.0211001828986
21.6851073854 12.5337779967 -0.0147227180098
21.8594369589 12.5319880577 -0.0102671974921
22.0322865905 12.5294302137 -0.0147970077068
22.2009977138 12.5244473347 -0.0295263923961
22.3635051161 12.5159581559 -0.0521912802551
22.6687756403 12.487806509 -0.105748565436
22.8127865553 12.4687484398 -0.131573135377
22.9521624967 12.4468934915 -0.155539195549
23.0879924613 12.4222810662 -0.179255289763
23.2210711982 12.3948394188 -0.203355780172
23.3521069686 12.3644703162 -0.227741146131
23.4818082112 12.3310790147 -0.251975994072
23.610920502 12.294593867 -0.275403809481
23.740236794 12.2549940364 -0.297157613801
23.8705835127 12.212350314 -0.316180768589
24.0027808561 12.1668722976 -0.331334049126
24.1371668955 12.1194356311 -0.339334298252
24.2737935766 12.0711945039 -0.339422424263
24.5535526832 11.976445292 -0.320382939744
24.6964702322 11.9317976525 -0.302795019954
24.841260228 11.8901063856 -0.280358960449
24.9878272969 11.8521880887 -0.253158917237
25.1360966466 11.8188628347 -0.221087503375
25.2861177404 11.7908607461 -0.184530888384
25.4381312105 11.7688162675 -0.144012692233
25.5922679033 11.7535608617 -0.0986519423705
25.7484875243 11.745875401 -0.0491568806844
25.9065580615 11.7463017948 0.00269748417517
26.066078125 11.7548060249 0.0532609314347
26.2265949803 11.7705176505 0.097570659907
26.3877456408 11.7920748813 0.132981199212
26.7110881449 11.8476154657 0.179593108834
26.8731367646 11.879120299 0.192020542864
27.0353791844 11.911903763 0.199380046932
27.1977896818 11.9453058021 0.202836009187
27.3603614639 11.9788273556 0.203345515403
27.5230796658 12.0120745325 0.201549437585
27.6859327414 12.0447503914 0.1980168765
27.8489105074 12.0766371148 0.193210120017
28.0121400575 12.1078567254 0.188979695108
28.1757837159 12.1386537755 0.186020039551
28.3031592122 12.1192373102 -0.151270368638
28.4030094963 12.061794061 -0.52205504919
28.4823051348 11.9759407724 -0.825084808702
28.6008469776 11.7493424257 -1.14792781626
28.6483067492 11.6199660817 -1.21920315371
28.691725533 11.4850050383 -1.2595398591
28.7328913045 11.3469925659 -1.28092217768
28.7730042433 11.2077226999 -1.29036340631
28.8128281068 11.0684351373 -1.2923146954
28.8528088411 10.9299117191 -1.28981161736
28.893179392 10.7925633479 -1.28491931555
28.9340503735 10.6565313274 -1.27892565394
28.9754772009 10.5217863402 -1.27252227992
29.0174999836 10.3882025709 -1.26601763221
29.0599437556 10.2553247275 -1.2616200651
29.1029464867 10.1231392242 -1.25627404619
29.1922458304 9.86185672236 -1.23382897121
29.2394331738 9.73305510509 -1.21962473772
29.2885308089 9.60510470519 -1.20439926831
29.3397197362 9.47766748334 -1.18884289194
29.3931395653 9.35027467727 -1.17373664556
29.4490083569 9.22257145033 -1.15839489064
29.5072129552 9.09393859958 -1.1458767451
29.5673185636 8.96365843701 -1.13853851417
29.6287740741 8.83120181728 -1.1363882766
29.690950432 8.69624858774 -1.13905917776
29.7531729635 8.55865641546 -1.14609416511
29.8147566693 8.41842206115 -1.1570030674
29.8750311005 8.27564866868 -1.17132641438
29.9891544254 7.982189608 -1.21044143165
30.0422596482 7.83126039924 -1.23246974965
30.0925166522 7.677685172 -1.25453360433
30.1399913948 7.52173149993 -1.27529339197
30.1851112774 7.36372584886 -1.29264055041
30.2286930861 7.20392277971 -1.30454920843
30.2716184716 7.04235441058 -1.31111589426
30.3144348948 6.8788186314 -1.31472721085
30.3571653831 6.71386378194 -1.31732437357
30.3996917825 6.54788737728 -1.31997259191
30.4418359521 6.38120360672 -1.32314738753
30.4833963683 6.21406832726 -1.32707609476
30.5241593715 6.04668800984 -1.33191135226
30.6023906265 5.71180627916 -1.34482570976
30.6393900024 5.5445256369 -1.35311938848
30.6750129359 5.3772322427 -1.36099296627
30.7092379942 5.20964060495 -1.36934928531
30.7418140653 5.04150905297 -1.3794142001
30.7724700209 4.87268013248 -1.39117339512
30.8009853634 4.70307676328 -1.40422461704
30.8271971545 4.5326851593 -1.41816019514
30.8509714684 4.36153882282 -1.43276743438
30.8721665328 4.18970855007 -1.4480674211
30.8904379329 4.0171725343 -1.46529050683
30.9051964538 3.8437124269 -1.48591766474
30.9161144629 3.66920193933 -1.50831413767
30.925848365 3.3188981861 -1.55448170154
30.9249609302 3.1436694335 -1.57586071969
30.9207819072 2.96848827286 -1.59464723886
30.9138312685 2.79339517791 -1.61047231269
30.9045743439 2.61840885667 -1.62364790897
30.8933711749 2.44353635373 -1.63477367785
30.8804933325 2.26877919522 -1.64435330413
30.8661459358 2.0941365444 -1.65276513226
30.850484459 1.91960682939 -1.66029192408
30.8336272855 1.74518854199 -1.66714504833
30.8156651032 1.57088058669 -1.67348242741
30.7966679594 1.39668238978 -1.67942182529
30.7767120133 1.22278057592 -1.6850506566
30.7345053085 0.875146452354 -1.69345195219
30.712572968 0.70129342328 -1.69628788939
30.6902623792 0.52748853007 -1.69846386854
30.6676646058 0.353720742733 -1.70011638323
30.6448520943 0.179981016147 -1.70135225952
30.6218826778 0.00626196369497 -1.70225541647
