0.0730629655998 19.8099155729 -0.193339446883 1.13528163751 -0.222271159302 -4.24000000954
0.204120246556 19.7790430932 -0.231347117065 1.09214400797 -0.257270664899 -4.20000004768
0.331647197141 19.744600937 -0.263784038852 1.06272458821 -0.287017967665 -4.16000008583
0.581669840978 19.6670527098 -0.311072566694 1.03828915226 -0.333820900246 -4.08000016212
0.706552828116 19.6249191692 -0.325391849607 1.04069155948 -0.351112838816 -4.03999996185
0.832702531123 19.5812640772 -0.333158552757 1.05124752506 -0.36379243318 -4.0
0.961181636009 19.5369825963 -0.331908796492 1.07065920738 -0.369012340548 -3.96000003815
1.09302003569 19.4931437058 -0.321018279063 1.09865333068 -0.365324087392 -3.92000007629
1.22907477022 19.4509075281 -0.301002658948 1.13378945439 -0.351968148231 -3.88000011444
1.37004533284 19.4115576803 -0.272206604387 1.17475468852 -0.327915397615 -3.84000015259
1.51647733702 19.3764880909 -0.235066503675 1.22026670153 -0.292246578726 -3.80000019073
1.66877986916 19.3472202293 -0.189854768144 1.26918776778 -0.243898846499 -3.75999999046
1.82721975264 19.3254151859 -0.136764319896 1.32033236236 -0.18170869498 -3.72000002861
1.99187939671 19.3128472501 -0.0761790470364 1.37216370055 -0.104732798284 -3.68000006676
2.16203659635 19.3105799927 -0.0133236988179 1.41797666367 -0.0188938120266 -3.6400001049
2.33646751047 19.3187437973 0.0467683817823 1.45359095107 0.0680317052869 -3.60000014305
2.69299694123 19.3629242198 0.144711178171 1.49278976282 0.217544043121 -3.51999998093
2.87231221843 19.3949335598 0.176648081743 1.49429397664 0.266744500544 -3.48000001907
3.05082071303 19.4311728181 0.200289446869 1.48757078836 0.30199381917 -3.44000005722
3.22866940618 19.4705226444 0.217746588904 1.48207244295 0.327915219314 -3.40000009537
3.37499570212 19.457277675 -0.090270671735 1.21938579949 -0.110374745249 -3.36000013351
3.49626407218 19.4036153021 -0.416607164986 1.01056975046 -0.447186441289 -3.32000017166
3.59785782799 19.3193078829 -0.692678086035 0.846614631773 -0.702561826033 -3.27999997139
3.68400778686 19.2118208707 -0.895146412353 0.717916323883 -0.895725101859 -3.24000000954
3.7580358118 19.0868548172 -1.0359948513 0.616900207829 -1.0413837792 -3.20000004768
3.82254838623 18.9487612388 -1.13375950729 0.537604786997 -1.15077981969 -3.16000008583
3.8795897953 18.8008611444 -1.20269951761 0.475345075585 -1.23250078731 -3.12000012398
3.93076294907 18.6456887096 -1.25224491765 0.426442948073 -1.29310362309 -3.08000016212
4.02025934677 18.3208028249 -1.31530336728 0.357790692415 -1.36978911563 -3.0
4.06045187408 18.1534076202 -1.33515149267 0.334937727611 -1.39496003909 -2.96000003815
4.09859181719 17.9836358045 -1.34981109296 0.317832859209 -1.41476513084 -2.92000007629
4.1352165816 17.8119791193 -1.36058771022 0.305206370108 -1.43047237599 -2.88000011444
4.17074410759 17.6388130219 -1.36843992372 0.296062716543 -1.44305081209 -2.84000015259
4.20549856154 17.4644241145 -1.37408085762 0.289620449655 -1.45324089514 -2.80000019073
4.23973041115 17.2890311424 -1.37804706727 0.285265413369 -1.46160810047 -2.75999999046
4.27363214422 17.1128011112 -1.38074597328 0.282514442295 -1.46858359322 -2.72000002861
4.30735064212 16.9358617234 -1.38248888566 0.28098748247 -1.47449489837 -2.68000006676
4.34089492482 16.7583059597 -1.3840745216 0.279535689121 -1.47963136406 -2.6400001049
4.37422076497 16.5802036015 -1.38581914789 0.277715334647 -1.48418631844 -2.60000014305
4.40729609583 16.4016101991 -1.38767209149 0.275627757163 -1.48827835347 -2.5600001812
4.44010024486 16.2225711486 -1.38958288346 0.273367908535 -1.49199208738 -2.51999998093
4.50473119028 15.864050592 -1.39338082309 0.267891175899 -1.49408883105 -2.44000005722
4.53655219121 15.6847017966 -1.39519847077 0.265175007761 -1.49457329444 -2.40000009537
4.56805561262 15.5052969446 -1.39696893048 0.262528511743 -1.49504043348 -2.36000013351
4.59909418076 15.3258110851 -1.39955942942 0.258654734544 -1.49571549618 -2.32000017166
4.62924954935 15.1461747295 -1.40447807686 0.25129473819 -1.49696962954 -2.27999997139
4.65818231612 14.96633741 -1.41128022776 0.241106389812 -1.49864432938 -2.24000000954
4.68562128859 14.7862661206 -1.4195811447 0.228658103879 -1.5005940786 -2.20000004768
4.71136313192 14.605944397 -1.42899928839 0.214515361083 -1.50268102971 -2.16000008583
4.73527548366 14.4253709606 -1.43913783344 0.199269597835 -1.50477863641 -2.12000012398
4.79434013369 14.2795653141 -1.18590831674 0.492205416928 -1.21504705437 -2.08000016212
4.879697771 14.1607380143 -0.947871638619 0.711313644301 -0.990227498528 -2.03999996185
4.98460136852 14.0628492747 -0.750820614178 0.874196645956 -0.815739496692 -2.0
5.10489491936 13.9812189316 -0.596213806323 1.00244625703 -0.680252858979 -1.96000003815
5.37967904524 13.8530062783 -0.394303985154 1.18573367566 -0.493377944034 -1.88000011444
5.52991615911 13.8014118108 -0.330801145552 1.25197594887 -0.429953895866 -1.84000015259
5.68669131546 13.7557225343 -0.283577704403 1.30645963625 -0.380743971268 -1.80000019073
5.84892186617 13.7146047905 -0.248225455874 1.3519212559 -0.342647865154 -1.75999999046
6.01577591423 13.6770082226 -0.22162478441 1.39045040053 -0.313304732498 -1.72000002861
6.18661614111 13.6420976663 -0.201571112987 1.42366855731 -0.290921302604 -1.68000006676
6.36036204433 13.6092232347 -0.186999190675 1.44788252684 -0.273953596683 -1.6400001049
6.53590853815 13.5778789059 -0.176690862327 1.46288744857 -0.26120273942 -1.60000014305
6.71244242797 13.5476827689 -0.169410570712 1.47111574849 -0.251634475353 -1.5600001812
6.88937298151 13.5183766958 -0.164145720746 1.47442127945 -0.244217275521 -1.51999998093
7.06626530525 13.4898170498 -0.1600708439 1.47410269784 -0.237997050591 -1.48000001907
7.24276371828 13.461942752 -0.156635748272 1.4708201086 -0.232285814852 -1.44000005722
7.41856098833 13.4347068733 -0.153705762017 1.46497725037 -0.226965655585 -1.40000009537
7.76737607585 13.38196092 -0.148945596625 1.44960566033 -0.217523333921 -1.32000017166
7.9408438498 13.3563330276 -0.146677614823 1.44556478294 -0.213565769961 -1.27999997139
8.11414942327 13.3311243148 -0.144445134858 1.4442131122 -0.210072606767 -1.24000000954
8.28753789353 13.3062872267 -0.142277454257 1.44490391883 -0.206975734166 -1.20000004768
8.46119538025 13.2817810753 -0.140192022398 1.44714572273 -0.204217928151 -1.16000008583
8.63526318471 13.2575709402 -0.138197936683 1.45056503719 -0.201751126197 -1.12000012398
8.80984855075 13.2336267461 -0.136298578999 1.45487805026 -0.199534950919 -1.08000016212
8.98503284267 13.2099224908 -0.134493552001 1.45986909938 -0.197535460471 -1.03999996185
9.16087775988 13.1864355989 -0.132780070478 1.46537431004 -0.195724099382 -1.0
9.33745121604 13.1629250943 -0.132369999696 1.47144546807 -0.195920871614 -0.960000038147
9.51480491433 13.1392073071 -0.132942785406 1.47794748569 -0.197648227069 -0.920000076294
9.6929784103 13.1151438045 -0.134244292109 1.4847791331 -0.20052918767 -0.880000114441
9.87200217734 13.0906320036 -0.136073149543 1.49186472532 -0.204265007794 -0.840000152588
10.2322496255 13.0400528382 -0.140705806773 1.50291422093 -0.212875460615 -0.759999990463
10.4125328472 13.0140427163 -0.143284974439 1.50236018126 -0.216751016047 -0.72000002861
10.5927466389 12.987555818 -0.145930078447 1.50178159727 -0.220724152093 -0.680000066757
10.772929965 12.9608624576 -0.147075826372 1.50152771736 -0.222444669988 -0.640000104904
10.95313386 12.9343083107 -0.146303249278 1.50169912489 -0.221284557798 -0.600000143051
11.1333969848 12.9081592701 -0.144055575424 1.50219270666 -0.217908671811 -0.560000181198
11.3137474513 12.8826195813 -0.140676050939 1.50292055455 -0.212830740055 -0.519999980927
11.49420468 12.8578454999 -0.136432204206 1.50381023892 -0.206450678152 -0.480000019073
11.6747810821 12.8339555544 -0.131534410393 1.50480335078 -0.199082878911 -0.44000005722
11.8554834952 12.8110382161 -0.12615017673 1.50585344229 -0.190977819504 -0.400000095367
12.0361544618 12.7891769169 -0.120415225736 1.50559138845 -0.182177493257 -0.360000133514
12.2168147346 12.7683644999 -0.11469634307 1.5055022733 -0.17343680799 -0.320000171661
12.3978401287 12.7484512936 -0.109561781122 1.50854495146 -0.165943386596 -0.27999997139
12.7602134637 12.7110446517 -0.100780623637 1.51021337616 -0.152717633774 -0.200000047684
12.941506541 12.6933985011 -0.0970292877528 1.51077564372 -0.147051254871 -0.160000085831
13.1228579904 12.6763627068 -0.093663150257 1.51126207832 -0.141964952823 -0.120000123978
13.3045499827 12.6634558713 -0.0709177685969 1.51409993627 -0.107556962548 -0.0800001621246
13.4864415142 12.6537585899 -0.0532631136696 1.5157627623 -0.080810677629 -0.039999961853
13.6684489012 12.646555982 -0.0395525246189 1.51672822508 -0.0600217331047 0.0
13.8505126295 12.6409555062 -0.0307513768275 1.51719773575 -0.0466706315383 0.039999961853
14.0326026308 12.6362866823 -0.0256345825021 1.51741667745 -0.0389068656947 0.0799999237061
14.2147030946 12.6320455062 -0.0232860992512 1.51750386493 -0.035343134026 0.119999885559
14.3968046802 12.6278527737 -0.023020073572 1.51751321342 -0.0349394377838 0.159999847412
14.5789006522 12.6234229373 -0.0243221353061 1.51746643375 -0.0369153034941 0.199999809265
14.7609850582 12.6185407669 -0.026806254293 1.51737004982 -0.040684752898 0.240000009537
14.9430519456 12.6130439485 -0.0301820349641 1.51722406139 -0.0458068198348 0.27999997139
15.307110878 12.5998230788 -0.0383685084909 1.51679822862 -0.058225860772 0.359999895096
15.4890973246 12.5921094701 -0.042360266377 1.51655372128 -0.0642800720947 0.399999856949
15.6710525435 12.5836913471 -0.0462318399308 1.51629349102 -0.070151024958 0.439999818802
15.8529747226 12.5745871051 -0.0500029904881 1.51601815954 -0.0758686836196 0.480000019073
16.034862115 12.5648124952 -0.0536882544629 1.51572826941 -0.0814550828897 0.519999980927
16.216713037 12.5543813578 -0.0572981394718 1.51542435064 -0.0869261450324 0.55999994278
16.3983972876 12.543314014 -0.0608400840253 1.51403542129 -0.0922278646391 0.599999904633
16.5798117838 12.531629158 -0.0643208659276 1.5117874688 -0.0973738002549 0.639999866486
16.7608464458 12.5194144163 -0.0673697308223 1.50862218332 -0.101789513717 0.679999828339
16.9413539983 12.5068798918 -0.0693291522208 1.50422960362 -0.104454371219 0.72000002861
17.1212223726 12.4941872515 -0.0704494880233 1.49890311925 -0.105772002019 0.759999990463
17.3003662856 12.481460934 -0.0709204884932 1.49286594159 -0.106052646368 0.799999952316
17.4787208405 12.468796748 -0.0708867047028 1.48628795773 -0.105534883095 0.839999914169
17.8325794801 12.4435650549 -0.0714995586449 1.4699385559 -0.105279421848 0.919999837875
18.0075684531 12.4307032072 -0.0733689718017 1.45824144214 -0.107182064868 0.960000038147
18.1807165552 12.4173721256 -0.0768407694508 1.44290085048 -0.111092346103 1.0
18.3517660389 12.4035268698 -0.0807669034178 1.42541236422 -0.115377131523 1.03999996185
18.520486348 12.3891104854 -0.0852384229049 1.40600257614 -0.120136537443 1.07999992371
18.6867159296 12.3740800094 -0.0901747672537 1.38524651313 -0.125253966498 1.11999988556
18.8503599653 12.3584144692 -0.0954385409325 1.36370029713 -0.130546168101 1.15999984741
19.0113722183 12.3421113294 -0.100910113585 1.34176877494 -0.135859498518 1.19999980927
19.1697362908 12.325179253 -0.106514026918 1.31970060459 -0.141100636515 1.24000000954
19.3254520976 12.3076312721 -0.112218909058 1.29763172305 -0.146233174478 1.27999997139
19.4785281636 12.2894797617 -0.118027242053 1.27563388339 -0.151262586579 1.31999993324
19.6293931425 12.2706941922 -0.123881452476 1.25720815783 -0.156546412315 1.3599998951
19.778553343 12.2511975283 -0.129972706546 1.24300167026 -0.162472199091 1.39999985695
20.0731211603 12.209656125 -0.143680995512 1.22293524941 -0.176931773044 1.48000001907
20.2190630486 12.1873949821 -0.151367548565 1.21618240274 -0.185509524186 1.51999998093
20.3644565816 12.1640036148 -0.159516233924 1.21161277481 -0.194928060999 1.55999994278
20.5095992901 12.1393881492 -0.167996425705 1.20952257099 -0.205128879809 1.59999990463
20.654842901 12.1134622396 -0.176639133999 1.21036342434 -0.216049246837 1.63999986649
20.8002544178 12.0859085171 -0.187267640123 1.21176263961 -0.229614354488 1.67999982834
20.9454850094 12.0561049171 -0.202405605 1.21025493061 -0.248363333086 1.72000002861
21.09073762 12.0238608699 -0.218443836839 1.21043842141 -0.268700393709 1.75999999046
21.2363524922 11.9891854278 -0.233777199106 1.21345726835 -0.288962017374 1.79999995232
21.3826656911 11.9522413942 -0.247329900913 1.21927665751 -0.307866946442 1.83999991417
21.529940129 11.913332102 -0.258294177362 1.22728698213 -0.324244101741 1.87999987602
21.6783317936 11.8728786182 -0.266145602501 1.23659720553 -0.337112365018 1.91999983788
21.8278853447 11.8313828429 -0.270655829096 1.24627959204 -0.345798127663 1.96000003815
22.1308371811 11.7484894284 -0.262382422086 1.26903739808 -0.340830684171 2.03999996185
22.2848958053 11.7095433434 -0.247612611331 1.28382186758 -0.324550707951 2.07999992371
22.4408274313 11.6732704134 -0.228556025921 1.29943021708 -0.302274417185 2.11999988556
22.5987104814 11.6403505149 -0.205562902532 1.31569208411 -0.274332487328 2.15999984741
22.7586074411 11.6114565942 -0.178774158277 1.33247466399 -0.240782672793 2.19999980927
22.920559783 11.5872712791 -0.148240496465 1.34960284926 -0.201544292172 2.24000000954
23.0845760924 11.5684899474 -0.114012336999 1.3668025781 -0.156511097381 2.27999997139
23.2506142135 11.5558006879 -0.0762755047521 1.38365100959 -0.105743829604 2.31999993324
23.4184403714 11.5494641264 -0.037738770968 1.39855131571 -0.0528046785733 2.3599998951
23.5877043075 11.5495425235 0.000463164504239 1.41053280069 0.000653308772058 2.39999985695
23.7580233118 11.5557247967 0.0362822701794 1.41932503631 0.0515189429901 2.4399998188
23.9290536097 11.5671305463 0.0665898747259 1.4252524826 0.0950479133308 2.48000001907
24.2723052529 11.6012633082 0.108029355086 1.43136265054 0.155233530491 2.55999994278
24.4442087021 11.6222485192 0.121474523857 1.43252874347 0.174876758367 2.59999990463
24.6161513241 11.6449939531 0.131521393005 1.43285518281 0.189545282348 2.63999986649
24.7882206785 11.6690191359 0.138728126619 1.43391128669 0.200209856607 2.67999982834
24.9608095802 11.6939191127 0.143284649008 1.4382408482 0.207499806799 2.72000002861
25.1342181865 11.7193823524 0.145797607651 1.44507171909 0.212193664045 2.75999999046
25.3086873114 11.7451671413 0.146727863706 1.45390937397 0.214873240938 2.79999995232
25.4843975971 11.7710821448 0.146431459315 1.46425238043 0.215958362648 2.83999991417
25.6614791414 11.7969842887 0.145242402666 1.47567953617 0.215851199557 2.87999987602
25.8400251006 11.8227747495 0.143454945503 1.48788299315 0.214920506409 2.91999983788
26.0201026995 11.8483922286 0.141309845611 1.50064665733 0.213478992476 2.96000003815
26.2004959368 11.8736280446 0.138991349148 1.5032769779 0.210298466273 3.0
26.3808947883 11.898823696 0.138768702852 1.50332376282 0.209963762012 3.03999996185
26.7415531211 11.9502007183 0.142830820597 1.50245846463 0.216068691069 3.11999988556
26.9217531288 11.9767812319 0.14644956673 1.50166673102 0.221504280218 3.15999984741
27.1018360466 12.004143783 0.150790800473 1.50069098177 0.228021258758 3.19999980927
27.2817835583 12.0323831087 0.155661349301 1.49956259764 0.23532771398 3.24000000954
27.461569337 12.0615641523 0.160906862384 1.49821482226 0.243175363592 3.27999997139
27.6409843574 12.0916958582 0.166391391257 1.4951251698 0.251097549094 3.31999993324
27.8200623311 12.1225787734 0.170775354796 1.49231644758 0.257357627016 3.3599998951
27.9989258725 12.1539522396 0.173638098775 1.49052951127 0.261445551407 3.39999985695
28.1776695211 12.1856078915 0.175283359105 1.48953040566 0.263797099532 3.4399998188
28.3232148182 12.2525205704 0.430922334941 1.21287747567 0.557605657329 3.48000001907
28.4430979335 12.3461501581 0.663052260248 0.999025960418 0.780246564309 3.51999998093
28.5434790479 12.4596298921 0.846570075899 0.836509287286 0.945664450172 3.55999994278
28.6294741759 12.5872124258 0.977709713975 0.716626066546 1.06318778021 3.59999990463
28.7743743571 12.8668008152 1.1198298183 0.575655232619 1.18876203638 3.67999982834
28.8394969795 13.0125901373 1.15069846265 0.54268852034 1.21491101786 3.72000002861
28.9026418202 13.1597746182 1.16552704441 0.526207005513 1.22653734123 3.75999999046
28.9652220269 13.3071725557 1.16929302844 0.521501722241 1.22831614513 3.79999995232
29.0282305148 13.4540264936 1.16549566581 0.525070732744 1.22378281591 3.83999991417
29.0923213982 13.5999420065 1.15693237193 0.534090695029 1.21596260812 3.87999987602
29.1579106551 13.744796247 1.14562061733 0.546577140759 1.20711867006 3.91999983788
29.2252572067 13.8886532753 1.13295245666 0.561221263213 1.19880856967 3.96000003815
29.29452025 14.0316954558 1.11985698741 0.577192028024 1.19201817055 4.0
29.3657422906 14.173641108 1.10574514165 0.593517004756 1.18288043496 4.03999996185
29.4382124744 14.3155085056 1.0985219609 0.603918198214 1.18222831318 4.07999992371
29.5116682961 14.4575949067 1.09365720982 0.612131847266 1.18405334286 4.11999988556
29.5859347544 14.5999579207 1.08996369176 0.618887152769 1.18635845043 4.15999984741
29.7360936624 14.8853588708 1.0856588122 0.627279900384 1.18992683444 4.24000000954
29.811489293 15.0282513317 1.08528280779 0.628296921561 1.19077050692 4.27999997139
29.8867134402 15.1711587333 1.08626510823 0.626867893583 1.19089501407 4.31999993324
29.9609070135 15.3145867473 1.09341425916 0.618279777645 1.19523344995 4.3599998951
30.0332956501 15.4590756469 1.10635070875 0.60323863866 1.20407416278 4.39999985695
30.1033872248 15.6049480479 1.12287069382 0.584096455882 1.21560334181 4.4399998188
30.1707595936 15.7524376925 1.14230698186 0.561436406581 1.22908037194 4.48000001907
30.2350003849 15.9017268969 1.16443580338 0.535339927401 1.24407670284 4.51999998093
30.2956934625 16.0529583815 1.18914764963 0.505775646185 1.26026237166 4.55999994278
30.3524778962 16.2062253613 1.21598232225 0.473203614614 1.27722483217 4.59999990463
30.405037746 16.3615875663 1.24457774045 0.437998748269 1.29468504152 4.63999986649
30.4531819563 16.519002912 1.27398863472 0.401201752418 1.31179454713 4.67999982834
30.4969795777 16.6782569355 1.30241397522 0.364980177971 1.32711686322 4.72000002861
30.5689221186 17.0023458562 1.37444082362 0.27048908952 1.35979810974 4.79999995232
30.5943571713 17.1675874491 1.41806855437 0.211958772567 1.37701327473 4.83999991417
30.6130980526 17.3346494246 1.45908415097 0.15617401125 1.39218312919 4.87999987602
30.6253976441 17.5033188166 1.49800386841 0.102496595778 1.4055782663 4.91999983788
30.6313200034 17.673408778 1.53599140557 0.0493529942924 1.41741634501 4.96000003815
30.6307539075 17.8447390732 1.57410043537 -0.00471746631317 1.42775245996 5.0
30.6236232736 18.0170251286 1.6121610587 -0.0594219491188 1.43571712872 5.03999996185
30.6096359179 18.1899746119 1.65149606798 -0.116561297524 1.44124569362 5.07999992371
30.5995366698 18.3654619955 1.62828262853 -0.0841604003982 1.46239486352 5.11999988556
30.5901743877 18.5427583928 1.62355314955 -0.0780190181657 1.47746997782 5.15999984741
30.5806267559 18.7213957347 1.62419253197 -0.0795635984138 1.48864451571 5.19999980927
30.5707591916 18.9010556222 1.62566477956 -0.0822297024319 1.49716572872 5.24000000954
30.5606674846 19.0815160726 1.62666012868 -0.0840975582153 1.50383708746 5.27999997139
30.5399338209 19.4441292979 1.62869011422 -0.0876704792156 1.51264087409 5.3599998951
30.5288335661 19.6258580879 1.63180196505 -0.0925021233671 1.51440658355 5.39999985695
30.516950434 19.8076199036 1.6360809137 -0.0990261010829 1.51468179777 5.4399998188
30.5041316661 19.9893181306 1.64122939547 -0.106823065822 1.51415189126 5.48000001907
30.4902675908 20.1708629039 1.64701563828 -0.115533960627 1.51287311126 5.51999998093
30.4752814145 20.3521845407 1.65325858789 -0.124884802922 1.51101363965 5.55999994278
30.4591221873 20.5332305731 1.65981523839 -0.134660226695 1.50871693702 5.59999990463
30.441759519 20.7139616688 1.66657147378 -0.144688902435 1.50609246355 5.63999986649
30.4234649161 20.8943848154 1.67184925591 -0.15245502375 1.50352622212 5.67999982834
30.4050236871 21.0745784112 1.67278245906 -0.153676908854 1.50161329801 5.72000002861
30.3870361836 21.2546022177 1.67038315657 -0.149895862021 1.50019838816 5.75999999046
30.3699582874 21.4345015801 1.66544297234 -0.142315801597 1.49916135315 5.79999995232
30.354132756 21.6143106851 1.65858307896 -0.131879428872 1.49840920829 5.83999991417
30.3271842303 21.9737535907 1.64096116316 -0.105243739254 1.49748762133 5.91999983788
30.3163731399 22.1534198471 1.63089704143 -0.0900924203032 1.49721880289 5.96000003815
30.3074638334 22.3330633779 1.62035008909 -0.0742442208928 1.49702942312 6.0
30.2998486013 22.5131419011 1.61305954256 -0.0634602673435 1.50065436072 6.03999996185
30.2930530304 22.6940025239 1.60835218337 -0.0566297569012 1.50717185609 6.07999992371
30.2867066976 22.8759084284 1.60567018023 -0.0528861069484 1.51588253743 6.11999988556
30.2805576792 23.0579544557 1.60456076315 -0.0512418198642 1.51705022761 6.15999984741
30.2743905158 23.2399998692 1.60466043615 -0.0513930285567 1.51704511265 6.19999980927
30.2680359845 23.4220388387 1.60568969147 -0.0529544278119 1.51699141256 6.24000000954
30.2613653905 23.6040665005 1.60742598094 -0.0555882828833 1.51689718175 6.27999997139
30.2542823186 23.7860785786 1.60969209483 -0.0590255989841 1.51676731764 6.31999993324
30.2468126149 23.9680751995 1.61181639429 -0.0622475313737 1.51663850737 6.3599998951
30.2390206521 24.1500583081 1.61358714607 -0.0649330227163 1.51652590475 6.39999985695
30.2226273337 24.5139888805 1.61650279263 -0.0693543939915 1.51633013728 6.48000001907
30.2140877089 24.6954982805 1.61780949721 -0.0711635401274 1.51257833314 6.51999998093
30.2053673526 24.8758865083 1.61910088014 -0.0726696359839 1.50323523182 6.55999994278
30.1964877343 25.054643024 1.62042990489 -0.0739968191812 1.48963763064 6.59999990463
30.187458095 25.2313790864 1.62184303877 -0.0752469939938 1.47280051979 6.63999986649
30.178208291 25.406177938 1.62366386345 -0.0770816997015 1.45665709705 6.67999982834
30.1685383215 25.5798609833 1.62641486079 -0.0805830792488 1.44735871037 6.72000002861
30.2050161586 25.7178826442 1.31241349964 0.303981975549 1.1501805075 6.75999999046
30.2765252647 25.8286127742 0.997381948127 0.59590921754 0.922751083714 6.79999995232
30.3745866425 25.9185473492 0.74219645563 0.817178148148 0.749454791779 6.83999991417
30.4927354432 25.9927245272 0.560630668734 0.984573339912 0.618143149657 6.87999987602
30.6260438164 26.0550494191 0.437331115824 1.11090310925 0.519374099102 6.91999983788
30.7707561538 26.1085471065 0.354101039737 1.20593614546 0.445814061587 6.96000003815
31.0837773999 26.1973902054 0.256075088362 1.33139112335 0.348589132294 7.03999996185
31.2485091009 26.2350563749 0.224787372305 1.37276417507 0.313884745812 7.07999992371
31.4170234567 26.2693539819 0.200786791965 1.40428629895 0.285813391496 7.11999988556
31.5884155273 26.3009093026 0.182072924821 1.42826725478 0.262961006021 7.15999984741
31.7619899056 26.3302202078 0.167288331412 1.44645315229 0.244257543946 7.19999980927
31.9372097793 26.3576895895 0.155505211689 1.46016561432 0.228911514023 7.24000000954
32.1136601904 26.3836518963 0.146088349145 1.47042009227 0.216352556204 7.27999997139
32.2910239931 26.4083917745 0.138592399738 1.47803168947 0.206165651985 7.31999993324
32.4689496247 26.4324120439 0.13419043404 1.4827135965 0.20016891127 7.3599998951
32.6471311318 26.4562344813 0.132909405583 1.48484589209 0.198520311663 7.39999985695
32.8253640037 26.4802368692 0.133863336675 1.48527393265 0.20001989927 7.4399998188
33.0035154889 26.5046590819 0.136237583242 1.48459571033 0.203518439281 7.48000001907
33.1814888195 26.5296234262 0.139360880563 1.48311108835 0.208036202836 7.51999998093
33.5364150746 26.5814303391 0.146928923288 1.47717060327 0.218614512958 7.59999990463
33.7131966217 26.6083638452 0.151192069956 1.47317955896 0.224445884838 7.63999986649
33.8896824923 26.6357448778 0.153918626094 1.47071558833 0.228175270889 7.67999982834
34.0664893506 26.66282037 0.1519555047 1.47339048561 0.225629101799 7.72000002861
34.2440856384 26.6890242011 0.14649024105 1.47996906498 0.218365259424 7.75999999046
34.422826474 26.7139369576 0.138487033542 1.48950696378 0.207606304361 7.79999995232
34.6029802654 26.7372544719 0.128715577506 1.50128159466 0.194312618972 7.83999991417
34.7838680942 26.7586591417 0.117783470272 1.5073985731 0.178372248421 7.87999987602
34.9649931909 26.7779533329 0.106123915583 1.50937580632 0.160784926247 7.91999983788
