0.151548102459 20.2435358889 -0.0502492269811 1.30663753884 -0.0657128435608 -0.840000152588
0.465118880396 20.2273295443 -0.0521322522166 1.30651148344 -0.0681731570643 -0.759999990463
0.621894323062 20.219035799 -0.0528528006599 1.30646202222 -0.069114544101 -0.72000002861
0.778665220224 20.2106565725 -0.0533980550557 1.30642414301 -0.0698268879523 -0.680000066757
0.935437261507 20.2022987793 -0.0532613375056 1.30643367736 -0.069648276192 -0.640000104904
1.0922169747 20.1940861571 -0.0523353603302 1.30649760997 -0.0684385187391 -0.600000143051
1.24900898387 20.1861117295 -0.0508161248032 1.30660007641 -0.066453562937 -0.560000181198
1.40581631695 20.1784445313 -0.048856750888 1.30672777559 -0.0638933189054 -0.519999980927
1.562640655 20.1711334009 -0.0465861398799 1.30686948381 -0.0609260862765 -0.480000019073
1.71948259335 20.1642101062 -0.0441132222801 1.30701615289 -0.0576941227321 -0.44000005722
1.87634190014 20.1576921688 -0.0415288711728 1.3071608899 -0.0543161451844 -0.400000095367
2.03321774794 20.1515852864 -0.0389084774014 1.30729873164 -0.0508906863704 -0.360000133514
2.19010387489 20.1457484375 -0.0371872144397 1.30738439126 -0.0486404072068 -0.320000171661
2.34698556017 20.1397934012 -0.0379405575687 1.30734737735 -0.0496253023594 -0.27999997139
2.66068890605 20.1264105044 -0.0446778866911 1.3069833667 -0.0584321390012 -0.200000047684
2.81748877609 20.1185921676 -0.0498206227267 1.30666558363 -0.0651528071341 -0.160000085831
2.97423986458 20.1098502061 -0.0557119899284 1.30625907079 -0.0728496787009 -0.120000123978
3.1309319972 20.100108481 -0.0620912014441 1.30576777185 -0.0811810428111 -0.0800001621246
3.26390247875 20.054411515 -0.331017806836 1.10808734623 -0.380808049673 -0.039999961853
3.390547889 19.976522231 -0.551389466457 1.0553784187 -0.649077366658 0.0
3.5080867544 19.8735480378 -0.719444935103 0.979490545048 -0.858118276995 0.039999961853
3.61139598577 19.7553341285 -0.8525796226 0.860910261381 -0.985115910723 0.0799999237061
3.70135241305 19.6266672453 -0.960646406051 0.749636894045 -1.0722240264 0.119999885559
3.77964177236 19.4905860128 -1.0487265354 0.652411327545 -1.13401027129 0.159999847412
3.84802092716 19.3492650418 -1.1201462397 0.569826289989 -1.17767475771 0.199999809265
3.90814077097 19.2042376995 -1.17781741354 0.500998698461 -1.20856118581 0.240000009537
3.9614702315 19.0565783135 -1.22420944105 0.444412171079 -1.23049488333 0.27999997139
4.05261014255 18.7561444642 -1.29130631595 0.360911750581 -1.2575223831 0.359999895096
4.09203257543 18.604637843 -1.31623840654 0.328520274026 -1.26255517715 0.399999856949
4.12811381852 18.4530697344 -1.33709311754 0.300677025744 -1.26306757144 0.439999818802
4.16130383937 18.3018272724 -1.35477155822 0.276583507101 -1.26035385012 0.480000019073
4.19196390877 18.1511981957 -1.36999270192 0.255500578273 -1.2552423056 0.519999980927
4.220437714 18.0012539333 -1.38313482563 0.237281710286 -1.24953551973 0.55999994278
4.24725750163 17.8501306815 -1.39515542412 0.22349823027 -1.25936043235 0.599999904633
4.27261784482 17.6951978617 -1.40854909111 0.211336193196 -1.29110683104 0.639999866486
4.29645730853 17.5400237479 -1.41835775455 0.198662197658 -1.29311761527 0.679999828339
4.31938410876 17.384712166 -1.4242366783 0.191056668543 -1.29426318232 0.72000002861
4.34164812774 17.2293041897 -1.42850277759 0.185533491472 -1.29506646905 0.759999990463
4.36315216857 17.0737892327 -1.43339129849 0.179200340286 -1.2959579753 0.799999952316
4.38375227757 16.9181519584 -1.43920150459 0.171667574959 -1.29697728562 0.839999914169
4.42129091172 16.6064187354 -1.45604115668 0.149803621281 -1.29968408114 0.919999837875
4.43655102879 16.4501674811 -1.47344111092 0.127167642263 -1.30209378559 0.960000038147
4.44870513424 16.2936439897 -1.49330147096 0.101284212065 -1.3043624282 1.0
4.45855909091 16.136958875 -1.50798885431 0.0821163055474 -1.30570928927 1.03999996185
4.46686804075 15.9801842374 -1.51784654291 0.069241248676 -1.30645531313 1.07999992371
4.47383015991 15.8233440177 -1.52643556454 0.0580176597067 -1.30700183124 1.11999988556
4.47947279133 15.6664507853 -1.53484703588 0.0470219284566 -1.30744360259 1.15999984741
4.48386955596 15.5095176974 -1.54278684308 0.0366397052599 -1.30777573296 1.19999980927
4.48714729763 15.35255725 -1.5499167651 0.0273145139655 -1.30800372822 1.24000000954
4.48946273044 15.195579658 -1.55604731149 0.0192952733731 -1.3081466004 1.27999997139
4.49096106947 15.0385921406 -1.56125229702 0.0124861586191 -1.30822931153 1.31999993324
4.49169054418 14.8815991678 -1.56614981652 0.00607895592413 -1.30827477313 1.3599998951
4.49185120356 14.7246045825 -1.56977298373 0.00133882813505 -1.30828821108 1.39999985695
4.49233097357 14.4106157989 -1.56818293936 0.00341906187042 -1.30828442845 1.48000001907
4.52102474027 14.265391529 -1.37572641356 0.239114722528 -1.21020224918 1.51999998093
4.55951610143 14.1242668104 -1.30452580046 0.32076134298 -1.17603932121 1.55999994278
4.60607435359 13.9872452897 -1.24324797131 0.387985434665 -1.14184600583 1.59999990463
4.65486744368 13.8524603652 -1.22346512311 0.406609084094 -1.12320770489 1.63999986649
4.70733955835 13.7198622616 -1.19398247812 0.437267622278 -1.10498419645 1.67999982834
4.76120257833 13.5900382881 -1.17751769695 0.448858499841 -1.08186644591 1.72000002861
4.81416125534 13.4607716716 -1.18196824303 0.441322308374 -1.07722180439 1.75999999046
4.86964839082 13.3341031673 -1.15792435775 0.462392795656 -1.05557086889 1.79999995232
4.96705939454 13.2109836238 -0.901450209074 0.811758364342 -1.02599619572 1.83999991417
5.0821480112 13.1042037757 -0.747966581025 0.959071805506 -0.889832067075 1.87999987602
5.21004602544 13.0131575041 -0.618645532219 1.06581678534 -0.758718930698 1.91999983788
5.34602860292 12.9346969136 -0.52332854862 1.13318814564 -0.653838253928 1.96000003815
5.63348839447 12.8087871685 -0.380523500248 1.21470742492 -0.485907097668 2.03999996185
5.78228181108 12.7587087818 -0.324654601355 1.23994513845 -0.417319888501 2.07999992371
5.93334515336 12.7159631124 -0.275756213488 1.25886118561 -0.356213911964 2.11999988556
6.08609985773 12.6797232735 -0.232935607982 1.27295586975 -0.301998657931 2.15999984741
6.24013758149 12.6493966302 -0.194391869102 1.28364769806 -0.252722027083 2.19999980927
6.39514494061 12.6244959424 -0.159281146913 1.29172799266 -0.207505731702 2.24000000954
6.55085606664 12.6044617001 -0.127959884144 1.29759271692 -0.16695201914 2.27999997139
6.70708385078 12.5889631486 -0.098881298427 1.3018982011 -0.129154596017 2.31999993324
6.86364118898 12.5772530893 -0.0746582345059 1.30464448505 -0.0975838272551 2.3599998951
7.02039823829 12.5686186741 -0.0550259076167 1.30630874423 -0.0719534603827 2.39999985695
7.17727075725 12.5624268706 -0.0394498102444 1.3072709913 -0.0515983626183 2.4399998188
7.33404148079 12.5540443963 -0.0534187715397 1.30642269616 -0.0698539524522 2.48000001907
7.64724231287 12.5318257246 -0.0737959347752 1.30472814651 -0.0964587965267 2.55999994278
7.80381163176 12.5202769577 -0.0736280292976 1.30474432407 -0.0962397241655 2.59999990463
7.96041706673 12.5092287282 -0.0704314944449 1.30504529136 -0.0920685788818 2.63999986649
8.11708158392 12.4990525459 -0.0648641245767 1.30553764326 -0.0848015197269 2.67999982834
8.27382560177 12.4901847106 -0.0565150251627 1.30620014876 -0.073898627158 2.72000002861
8.43064530647 12.4827748622 -0.0472156306728 1.30683087248 -0.0617487364585 2.75999999046
8.58752598272 12.4767933028 -0.0381096226008 1.30733896877 -0.0498463283754 2.79999995232
8.74445032102 12.4720946133 -0.0299334453612 1.30770281916 -0.0391557462465 2.83999991417
8.90140418926 12.4685156641 -0.0227986039763 1.30794890204 -0.0298245765877 2.87999987602
9.0583772868 12.4659133029 -0.0165768707814 1.30810914615 -0.021686342736 2.91999983788
9.21536218677 12.4641620703 -0.0111549580046 1.30820749975 -0.0145936050352 2.96000003815
9.37235359326 12.4631501794 -0.00644542894531 1.30826172073 -0.00843242473411 3.0
9.5293462028 12.4623463238 -0.00512029562799 1.30827174617 -0.00669879664399 3.03999996185
9.84332907846 12.4603424742 -0.00702617370357 1.30825660303 -0.00919218940617 3.11999988556
10.0003177544 12.4589708814 -0.00873666775875 1.30823896601 -0.0114299400099 3.15999984741
10.157303383 12.4572862317 -0.0107308237371 1.30821357173 -0.0140387481095 3.19999980927
10.3142848546 12.4552507443 -0.0129656911371 1.30817893 -0.0169623944803 3.24000000954
10.4712609077 12.452833231 -0.0153993056801 1.30813377628 -0.020145944377 3.27999997139
10.6282301534 12.4500080661 -0.0179962632933 1.30807704702 -0.0235430405939 3.31999993324
10.7851922043 12.446808033 -0.0203844807111 1.30801709082 -0.0266669428719 3.3599998951
10.9421445335 12.4431622153 -0.0232246452253 1.30793607683 -0.0303818140479 3.39999985695
11.0990783531 12.4387916435 -0.0278425794177 1.30778183007 -0.0364214313609 3.4399998188
11.255980808 12.4334115598 -0.0342759243328 1.30752045696 -0.0448340312108 3.48000001907
11.4128363403 12.4268034128 -0.0421039767285 1.30712943622 -0.0550678916505 3.51999998093
11.5696275376 12.4188130378 -0.0509178356903 1.3065933106 -0.0665864580459 3.55999994278
11.7263361261 12.4093397121 -0.0603783827744 1.30590490479 -0.0789443814045 3.59999990463
12.0394320909 12.385724442 -0.0803566821295 1.30406722938 -0.105016650903 3.67999982834
12.1957867432 12.3715629329 -0.0903265356564 1.30295543581 -0.118012575608 3.72000002861
12.3520249195 12.3561694959 -0.0982084925617 1.3019848024 -0.128278642105 3.75999999046
12.5081830715 12.3399844045 -0.103276750949 1.30131793372 -0.134875761691 3.79999995232
12.6642986599 12.3233937835 -0.105874019118 1.30096323638 -0.138255174615 3.83999991417
12.8204103445 12.3067664697 -0.106109058371 1.30093070505 -0.138560948221 3.87999987602
12.9765528756 12.2904313663 -0.104237440638 1.30118775948 -0.136125861979 3.91999983788
13.1327584647 12.274710693 -0.100303180865 1.30171324246 -0.131005611022 3.96000003815
13.288691088 12.2564804262 -0.116382848454 1.29943852749 -0.151918889533 4.0
13.4445433333 12.2375753137 -0.120711761228 1.29876871053 -0.157542604566 4.03999996185
13.600444579 12.2190786324 -0.118091543366 1.29917704763 -0.154139010679 4.07999992371
13.7563788834 12.2008627505 -0.116290598563 1.29945253646 -0.151799015824 4.11999988556
13.9123693474 12.1831342204 -0.113165797465 1.29992053325 -0.147737750608 4.15999984741
14.2245458296 12.1494498572 -0.105210990608 1.30105461754 -0.137392568574 4.24000000954
14.3807610509 12.1338251886 -0.0996885948382 1.30179351083 -0.130205571562 4.27999997139
14.5370777755 12.1192509908 -0.0929662943962 1.30263937174 -0.121451648437 4.31999993324
14.6935284735 12.1061932446 -0.0832693783195 1.3037558165 -0.108814551713 4.3599998951
14.8501357841 12.0951716342 -0.0702615198113 1.30506092183 -0.0918467529577 4.39999985695
15.006883231 12.0863646191 -0.0561270077292 1.30622872438 -0.0733917931784 4.4399998188
15.1637450771 12.0799080817 -0.0411374406781 1.30718205075 -0.0538044784026 4.48000001907
15.3206895039 12.0759366177 -0.0252995070245 1.30787022345 -0.0330955333047 4.51999998093
15.4776782057 12.0745679843 -0.00871781645642 1.30823918125 -0.0114052779996 4.55999994278
15.6346675419 12.0758617968 0.00824121716045 1.30824446841 0.0107817708551 4.59999990463
15.7916133272 12.0797792072 0.0249550959982 1.30788154435 0.0326450864248 4.63999986649
15.9484787799 12.0861475179 0.0405749988769 1.30721210588 0.0530692561039 4.67999982834
16.1052404947 12.0946968116 0.0544828999614 1.30634762292 0.0712441141613 4.72000002861
16.4183986386 12.1174596364 0.0781977809601 1.30429091074 0.10220105609 4.79999995232
16.5747734858 12.131396379 0.0888890866174 1.30312372669 0.116139522291 4.83999991417
16.7310209997 12.1466947462 0.0976000173232 1.30206261575 0.127486392894 4.87999987602
16.8871037635 12.1635913876 0.107834441709 1.30068969802 0.140805345025 4.91999983788
17.042999553 12.182133999 0.118386158868 1.29913157951 0.154521761682 4.96000003815
17.198666227 12.2025107562 0.130159879229 1.29722228344 0.169806310415 5.0
17.3540557421 12.2249032601 0.143120356941 1.29491262588 0.186604198909 5.03999996185
17.5091442523 12.2492934152 0.155988408497 1.29240425099 0.203251292103 5.07999992371
17.6639141677 12.2756296814 0.168549535882 1.28974929508 0.21946888515 5.11999988556
17.8183616864 12.3037950784 0.180380107162 1.2870626562 0.234711641668 5.15999984741
17.9725006321 12.3336029813 0.19102535943 1.28449121357 0.248399190758 5.19999980927
18.1263646446 12.3647989949 0.200038917987 1.28220010484 0.259966780323 5.24000000954
18.28000444 12.3970811713 0.207103274626 1.28033162801 0.269018136995 5.27999997139
18.586853006 12.4636621134 0.215225408325 1.27810441985 0.279408173934 5.3599998951
18.7401471657 12.4975476001 0.217550445137 1.27745133156 0.282379055871 5.39999985695
18.8933658056 12.5317729422 0.219768005164 1.27682199859 0.285211184249 5.4399998188
19.0465108049 12.5663263039 0.221909378464 1.27620832803 0.287944680781 5.48000001907
19.1995834522 12.6011987902 0.223993676952 1.27560539368 0.290604052485 5.51999998093
19.3525867644 12.6363742374 0.225973321862 1.27502760168 0.293128727123 5.55999994278
19.5055249456 12.6718317945 0.227817529275 1.27448484357 0.295479642664 5.59999990463
19.6584030236 12.7075476021 0.229506454411 1.2739839831 0.297631729706 5.63999986649
19.8112430685 12.743425817 0.230568919013 1.27366704092 0.298985124349 5.67999982834
19.964103381 12.7792175827 0.230003337235 1.27383593774 0.298264713698 5.72000002861
20.1170453326 12.8146588734 0.227711171602 1.27451626289 0.295344089751 5.75999999046
20.2701212157 12.8495171526 0.223900865031 1.27563235971 0.290485659846 5.79999995232
20.4233717247 12.8835995107 0.218834899932 1.27708757475 0.28401965097 5.83999991417
20.7305117755 12.9488149895 0.205687553733 1.28071119942 0.267205275773 5.91999983788
20.8844466731 12.9796593236 0.197753793706 1.28279081303 0.257036117534 5.96000003815
21.0386401811 13.0091836818 0.189186146148 1.28494589988 0.246036318659 6.0
21.1931054111 13.0372517837 0.17975018751 1.28721025031 0.233900849094 6.03999996185
21.3475201435 13.0639025622 0.17090846333 1.28678943626 0.222089820336 6.07999992371
21.5015345095 13.0892636648 0.163202547655 1.28345305029 0.211342522303 6.11999988556
21.6548853301 13.1134443444 0.156394406502 1.27792350525 0.201505663135 6.15999984741
21.8073933964 13.1364704144 0.149850822864 1.27090055197 0.191883916547 6.19999980927
21.9589523855 13.1582876528 0.142969971387 1.26299157624 0.181810320188 6.24000000954
22.1095362525 13.1787887922 0.135312403246 1.25486555797 0.170842828556 6.27999997139
22.2592186432 13.197993155 0.127603630727 1.24735325588 0.160036355873 6.31999993324
22.4083637173 13.2159668466 0.119933101441 1.24287561743 0.149780763379 6.3599998951
22.5573878839 13.2327121304 0.111896863067 1.24186805488 0.13954403241 6.39999985695
22.8560036965 13.2619890196 0.0926378400496 1.24542319176 0.115704487025 6.48000001907
23.0058080723 13.2742258319 0.0815043220739 1.24836979849 0.101973435818 6.51999998093
23.1559878656 13.2847039056 0.0696573148361 1.25149827689 0.0873172804616 6.55999994278
23.306540786 13.293339569 0.0572968710156 1.25460767017 0.0719638619016 6.59999990463
23.4574493744 13.3000780434 0.0446230483951 1.25757157016 0.0561539535428 6.63999986649
23.6084495332 13.304920516 0.0320583337145 1.25833465636 0.0403539376936 6.67999982834
23.7590137992 13.3078656328 0.0195580360474 1.25470221714 0.0245426405954 6.72000002861
23.908951407 13.3089518573 0.00724438323562 1.24948006512 0.0090518707882 6.75999999046
24.0582797119 13.3082373517 -0.00478476030618 1.24440254064 -0.00595421331989 6.79999995232
24.2071391162 13.305801735 -0.0163604000293 1.24049503534 -0.0202968059441 6.83999991417
24.3557322793 13.3017465586 -0.0272836923689 1.23827635938 -0.0337931368753 6.87999987602
24.5042763833 13.2961937145 -0.0373643894134 1.23786753358 -0.0462737007723 6.91999983788
24.6529351237 13.2893018671 -0.0463270188867 1.23882283629 -0.0574320615707 6.96000003815
24.9518219461 13.2726090351 -0.0575347514823 1.25003197712 -0.0719997423451 7.03999996185
25.103466662 13.263476887 -0.0601480415445 1.26370596572 -0.0761012337504 7.07999992371
25.2593558344 13.2491779466 -0.0914690874487 1.29907643728 -0.119157836828 7.11999988556
25.4154066666 13.2319888973 -0.10970804861 1.30042360133 -0.143242077652 7.15999984741
25.5712540804 13.2130439969 -0.120967057028 1.29872844824 -0.157874169626 7.19999980927
25.7269790439 13.1931175978 -0.127267329983 1.29770802905 -0.166053325939 7.24000000954
25.8826468244 13.1727492951 -0.130105567374 1.29723150402 -0.169735855616 7.27999997139
26.038304503 13.1523039355 -0.130600592219 1.29714732162 -0.170377996617 7.31999993324
26.1939646379 13.1318772855 -0.130480396216 1.297167791 -0.170222083464 7.3599998951
26.3495997145 13.11126058 -0.131701458995 1.29695897217 -0.171805879478 7.39999985695
26.5053609288 13.0916195574 -0.125434976399 1.29801011875 -0.163675188548 7.4399998188
26.6612863721 13.0733279806 -0.116776039907 1.29937869383 -0.152429805899 7.48000001907
26.8172263953 13.055161121 -0.115976226655 1.29950019359 -0.151390496957 7.51999998093
27.1289392199 13.0174259254 -0.122660527572 1.29845923084 -0.160073300567 7.59999990463
27.2846635243 12.9974943755 -0.127300405929 1.29770253597 -0.166096248769 7.63999986649
27.4403012542 12.9768977091 -0.131572702803 1.29698108249 -0.171638886556 7.67999982834
27.595854863 12.95567507 -0.135595770745 1.29628007359 -0.176855326502 7.72000002861
27.7513294662 12.9338811854 -0.139269037187 1.29562169305 -0.181615704745 7.75999999046
27.9067318654 12.911578272 -0.142543826869 1.2950199936 -0.185857611869 7.79999995232
28.0620693339 12.8888275244 -0.145426198177 1.29447890414 -0.189589563115 7.83999991417
28.1936475494 12.9089493929 0.151751352945 1.09648512903 0.16768223754 7.87999987602
28.3085022456 12.9688021243 0.480398117721 0.957122468958 0.498772761839 7.91999983788
28.4098741119 13.0587133111 0.725554936154 0.84476555239 0.749259889726 7.96000003815
28.4978780491 13.1686933853 0.89594518716 0.73336614261 0.916500618217 8.0
28.5741661281 13.2920173464 1.01681322487 0.635733992466 1.02769967615 8.03999996185
28.7000110049 13.5637731881 1.16901060473 0.492734464598 1.15964878262 8.11999988556
28.7532059758 13.707563597 1.21646216749 0.443291423474 1.19825340745 8.15999984741
28.8017955839 13.854568896 1.25157121782 0.404913401261 1.22504415887 8.19999980927
28.8468262841 14.0037264172 1.27759705225 0.375255834657 1.24297934265 8.24000000954
28.8891161019 14.1542320095 1.29687444314 0.352415148317 1.25421326986 8.27999997139
28.9293017944 14.3054744285 1.31109304871 0.334880770848 1.2603534917 8.31999993324
28.9674941976 14.4574311786 1.32455940068 0.318270026682 1.26630625061 8.3599998951
29.0035764505 14.6102231832 1.33889222087 0.300685440903 1.27326670472 8.39999985695
29.0373844047 14.7635344609 1.35375162933 0.281732951748 1.27759398074 8.4399998188
29.0688665888 14.9173401751 1.36889716456 0.262351534508 1.28171428487 8.48000001907
29.0980050512 15.0716070725 1.38411225647 0.242820519803 1.28555747863 8.51999998093
29.1248092474 15.2262966348 1.39922261711 0.223368301646 1.28907968626 8.55999994278
29.1715617306 15.5367774295 1.42858968471 0.185420940275 1.29508258834 8.63999986649
29.1919418301 15.692443666 1.44061497711 0.16983416233 1.29721863732 8.67999982834
29.2113874969 15.8482293896 1.4466154521 0.162047223561 1.29821436329 8.72000002861
29.2306142725 16.0040422797 1.44802040826 0.160223129962 1.29844075118 8.75999999046
29.2501677977 16.1598145022 1.44592307129 0.16294604336 1.29810185373 8.79999995232
29.2704575119 16.3154925454 1.4411955902 0.169080951624 1.2973170266 8.83999991417
29.2918282055 16.4710258829 1.43424870377 0.178089113342 1.29611114624 8.87999987602
29.3145271448 16.6263709304 1.42570364142 0.189157827292 1.29454206269 8.91999983788
29.338731523 16.7813998497 1.41591853386 0.201703152084 1.29190766083 8.96000003815
29.3645366121 16.9357765498 1.40517096524 0.215042409066 1.28647250057 9.0
29.3913655325 17.089455538 1.39796046574 0.223574336606 1.28065823507 9.03999996185
29.4187739558 17.2424118409 1.3934869174 0.228403527296 1.27463585773 9.07999992371
29.4464210824 17.3946326854 1.39112973322 0.230392721829 1.2685070371 9.11999988556
29.5014631013 17.6968444426 1.39088583711 0.228457082813 1.25610721595 9.19999980927
29.5285277754 17.8468272056 1.3922657082 0.225538950728 1.24985635884 9.24000000954
29.5551501883 17.996054236 1.39425158894 0.221853440904 1.24355858671 9.27999997139
29.5812777367 18.1445172899 1.39659327464 0.217729569619 1.2371921157 9.31999993324
29.6007478638 18.2935722281 1.4409079075 0.162251059729 1.24212448453 9.3599998951
29.615536843 18.4436031459 1.47254086617 0.123241493356 1.25025764871 9.39999985695
29.6271704102 18.5948894619 1.49404967989 0.0969463933729 1.26071929995 9.4399998188
29.6368275095 18.7476292612 1.50765455247 0.0804758271638 1.27283166069 9.48000001907
29.6454203217 18.9019574754 1.51517494116 0.0716067687579 1.28606845191 9.51999998093
29.6536561027 19.0579602238 1.51805275263 0.0686315078541 1.30002290304 9.55999994278
29.6620339237 19.214731196 1.51740723702 0.0698151754902 1.30642476897 9.59999990463
29.6709248662 19.3714739049 1.51413388119 0.0740911869578 1.3061892404 9.63999986649
29.6804748407 19.5281778411 1.50992882031 0.0795831209882 1.30586613501 9.67999982834
29.7007872596 19.8415093195 1.50508950927 0.0859016568522 1.30546571807 9.75999999046
29.7112464814 19.997551441 1.50386824271 0.0871601816051 1.30035101198 9.79999995232
29.7217105805 20.1522884814 1.50327408735 0.0872008262671 1.28947533653 9.83999991417
29.7320498551 20.3052338644 1.50329793257 0.0861606213237 1.27454485892 9.87999987602
29.7421566637 20.4560140335 1.50386635465 0.0842234048472 1.25650140879 9.91999983788
29.7519372835 20.6043608093 1.50496082142 0.0815051649959 1.23622313177 9.96000003815
29.7613083219 20.750086305 1.50657864739 0.0780919873389 1.21437913078 10.0
29.7700907563 20.8938707526 1.50979155905 0.0731869531979 1.19820372994 10.0399999619
29.7781536522 21.0362206589 1.51421539862 0.0671907987732 1.18624921961 10.0799999237
29.7854012195 21.177516044 1.5195475116 0.0603963940833 1.17746154202 10.1199998856
29.7917634285 21.3180443157 1.52555370464 0.0530184084646 1.1710689309 10.1599998474
29.7971888441 21.4580252058 1.53205745735 0.0452117972588 1.16650741736 10.1999998093
29.8050878512 21.7369878443 1.54605778984 0.0287353814948 1.16132653018 10.2799999714
29.8075132535 21.8762085572 1.55337681389 0.0202116860916 1.16017260757 10.3199999332
29.8091048691 22.0156550311 1.5593830126 0.0132634627539 1.16205394912 10.3599998951
29.810117837 22.1557392394 1.563565317 0.00844139947674 1.16736840208 10.3999998569
29.810750113 22.2967748823 1.56631326314 0.00526896667303 1.17529702459 10.4399998188
29.8111505719 22.4390051553 1.56798076693 0.00333715755232 1.18525227455 10.4800000191
29.8114271628 22.5826216864 1.56887043053 0.00230492402296 1.19680442569 10.5199999809
29.811654987 22.7277771267 1.56922680945 0.00189853473673 1.20962866958 10.5599999428
29.8118842897 22.8745931632 1.56923449098 0.00191085608731 1.22346697095 10.5999999046
29.8121483201 23.0231653072 1.56901920918 0.00220025376797 1.2381012001 10.6399998665
29.8125482316 23.1733986653 1.56813439821 0.00333259512311 1.25194465042 10.6799998283
29.8133148618 23.3248849517 1.56573564638 0.0063885852268 1.26238571984 10.7200000286
29.8146248656 23.4773081592 1.56220202157 0.0109166985194 1.27019339617 10.7599999905
29.8194364592 23.7839939599 1.55248335877 0.0234401098518 1.2798301964 10.8399999142
29.8231716013 23.9378725281 1.54652778242 0.0311261847977 1.28232140177 10.879999876
29.8279195372 24.0919056503 1.53998196088 0.0395661320592 1.28360935166 10.9199998379
29.8337510286 24.2459758853 1.53296482017 0.0485957619865 1.28391862546 10.9600000381
29.8407160425 24.3999897526 1.52560382762 0.0580417825595 1.28344889367 11.0
29.848890196 24.5536606156 1.51765380603 0.0681179452596 1.28059052555 11.0399999619
29.8583177765 24.7067703131 1.50929994048 0.0785631710707 1.27591414579 11.0799999237
29.8690153401 24.8591535144 1.50070958663 0.0891463632396 1.26986001066 11.1199998856
29.8809746142 25.0106854524 1.49203711469 0.099660617668 1.26276614962 11.1599998474
29.8941645248 25.1612724006 1.48342929983 0.109915921467 1.25489123545 11.1999998093
29.9085322862 25.3108443198 1.47503094272 0.119731345455 1.24643265992 11.2400000095
29.9240035369 25.4593491695 1.46699069341 0.128927088828 1.23754041379 11.2799999714
29.940481483 25.6067484595 1.45946734351 0.137316217414 1.22832741739 11.3199999332
30.0733390903 25.8152551777 0.856688407546 0.667426869548 0.7700811314 11.3999998569
30.1739222357 25.8898618098 0.638194291919 0.838192878629 0.621721934533 11.4399998188
30.289790603 25.9512094869 0.486936982665 0.965569727448 0.511230641762 11.4800000191
30.4169773312 26.0028055636 0.385386329206 1.05988940204 0.429967305985 11.5199999809
30.5524607134 26.0473553733 0.317684161768 1.12902818457 0.371248414287 11.5599999428
30.6939393069 26.0869438426 0.272841317573 1.17898827925 0.329903910712 11.5999999046
30.8396603542 26.1231759851 0.243698650796 1.21434206063 0.301934521466 11.6399998665
30.9884025081 26.1571170231 0.224345873923 1.23951794968 0.282841983257 11.6799998283
31.1394621822 26.1892493136 0.209588763267 1.25883061742 0.267769086943 11.7200000286
31.2923016912 26.219948367 0.198220519886 1.27366257508 0.255825445141 11.7599999905
31.4464891227 26.2495044428 0.189391850222 1.28489526202 0.246300632058 11.7999999523
31.600876544 26.2779974207 0.182501504001 1.28656184394 0.237441482131 11.8399999142
31.7554154216 26.3056571554 0.177107070806 1.28782398057 0.230497789118 11.879999876
32.0648049518 26.3592032053 0.169806777525 1.28947235041 0.221090237794 11.9600000381
32.2196004314 26.3853887958 0.167576069675 1.28996232948 0.218213254006 12.0
32.3744022708 26.411536762 0.167333016791 1.29001532874 0.217899718499 12.0399999619
32.5291705482 26.4378826527 0.168611722057 1.28973564466 0.219549089301 12.0799999237
32.683876811 26.4645902899 0.170949531836 1.28921885669 0.222563643201 12.1199998856
32.8385042013 26.4917508461 0.173877882033 1.28856158566 0.226337967831 12.1599998474
32.9930469282 26.5193890658 0.176967852404 1.28785605762 0.230318498089 12.1999998093
33.1475078677 26.547480769 0.179902983069 1.28717449627 0.234097526373 12.2400000095
33.3018909222 26.5759973978 0.182654698622 1.28652545408 0.237638573698 12.2799999714
33.4561032837 26.6049031594 0.185291218278 1.28510301246 0.240881346432 12.3199999332
33.6101876634 26.6335026075 0.183520551717 1.28403649723 0.238328734159 12.3599998951
33.7642574486 26.6609434323 0.176258224461 1.28391487694 0.228673539728 12.3999998569
33.9183989233 26.6865898492 0.164872007621 1.28451228866 0.2137201407 12.4399998188
34.2271423925 26.7307629898 0.133778327814 1.28720792321 0.173235201367 12.5199999809
34.3818309196 26.7487224166 0.115583099692 1.28907105994 0.149661890156 12.5599999428
34.5367708385 26.7637018969 0.0963797441595 1.2911659908 0.124829001921 12.5999999046
34.6919829093 26.7756142933 0.0765989973575 1.29343392305 0.0992699700598 12.6399998665
34.8473092035 26.7849117217 0.0597860672294 1.29438578504 0.0774785700278 12.6799998283
