24.6515218715 29.7565156666 -1.33771503778 0.309705406824 -1.30459440242 0.919999837875
24.686371013 29.5991080632 -1.35291650821 0.290409513015 -1.31173002848 0.960000038147
24.7186554502 29.4408366923 -1.36957531556 0.269036976711 -1.31892809114 1.0
24.7795464901 29.3068573696 -1.14422235624 0.507425332052 -1.11649435605 1.03999996185
24.8630411802 29.1902851919 -0.94924812245 0.69578908389 -0.971434813564 1.07999992371
24.9643927181 29.0857999743 -0.80062108903 0.84459614982 -0.870710147246 1.11999988556
25.0783013974 28.9908537223 -0.694854074244 0.949238993988 -0.791218766336 1.15999984741
25.1998682499 28.9036515709 -0.622254798261 1.01305710397 -0.726684595334 1.19999980927
25.3257694642 28.8226469383 -0.571720327923 1.04917678622 -0.675038604725 1.24000000954
25.4538598284 28.7464970178 -0.536366715801 1.06741970151 -0.634582670709 1.27999997139
25.5828988353 28.6741202929 -0.511165806444 1.07532505747 -0.603139374268 1.31999993324
25.6987021886 28.602323019 -0.554990704977 0.965027944266 -0.598310615668 1.3599998951
25.8002373461 28.5314765115 -0.60921662757 0.846126312652 -0.590387562236 1.39999985695
25.9765040292 28.3953010648 -0.670468761517 0.704059723804 -0.558331643825 1.48000001907
26.0556809673 28.3309019485 -0.682832550858 0.659807817313 -0.536659302462 1.51999998093
26.1309220943 28.2694246612 -0.685063314049 0.627009392036 -0.512310727316 1.55999994278
26.2032338858 28.2111005326 -0.678730927349 0.602598262117 -0.486034404825 1.59999990463
26.2733411346 28.1560771046 -0.665432454862 0.584227073403 -0.458528566796 1.63999986649
26.3416680121 28.1041688979 -0.649682838514 0.569390645726 -0.432568389406 1.67999982834
26.4081762397 28.0546475455 -0.640029622553 0.554235230723 -0.412677936685 1.72000002861
26.4725498882 28.0068800543 -0.638383898678 0.53644707027 -0.398062426226 1.75999999046
26.540493027 27.9604727499 -0.599246703321 0.566192823626 -0.386727536845 1.79999995232
26.6097185922 27.9138445006 -0.592766474008 0.576879710089 -0.388568744504 1.83999991417
26.6801516523 27.8670895194 -0.586030301169 0.586942167243 -0.389624843227 1.87999987602
26.750474787 27.8204072758 -0.586032603285 0.586026122664 -0.389018696717 1.91999983788
26.8211036849 27.7742057546 -0.579283397181 0.588574148774 -0.385012676295 1.96000003815
26.9623686244 27.6831916411 -0.566964151709 0.590974836476 -0.376269989842 2.03999996185
27.0334562056 27.6385699887 -0.560538307251 0.592396510306 -0.371847103312 2.07999992371
27.105423952 27.5945018814 -0.549437363765 0.599731219938 -0.367234227591 2.11999988556
27.1778816632 27.5505573337 -0.545174573872 0.603814259552 -0.366204564285 2.15999984741
27.2517358331 27.5066428177 -0.536447719838 0.61545141574 -0.365954300037 2.19999980927
27.3267210798 27.462131184 -0.535704186073 0.624877056002 -0.37093028064 2.24000000954
27.4041235669 27.4169621878 -0.528243558804 0.645020726178 -0.376408301791 2.27999997139
27.4840015362 27.3705005273 -0.526823553472 0.665649744198 -0.387180504379 2.31999993324
27.5679964769 27.3231878631 -0.512981731028 0.699957838786 -0.394272201594 2.3599998951
27.6566919947 27.2751755901 -0.496151332827 0.739129315322 -0.400102274726 2.39999985695
27.7516638537 27.2278879078 -0.461976270678 0.791432158055 -0.394064019445 2.4399998188
27.8533968767 27.1823071168 -0.421225473188 0.847775191584 -0.379839924589 2.48000001907
28.0801057231 27.1039030018 -0.301903119315 0.977665216291 -0.304467148365 2.55999994278
28.1777581643 27.0294723625 -0.651263162698 0.813770343704 -0.620255327897 2.59999990463
28.2659878311 26.932273585 -0.833730153131 0.735247223193 -0.809989811868 2.63999986649
28.3484769573 26.817348093 -0.948248900796 0.687409385054 -0.957712433325 2.67999982834
28.4254108611 26.6898625912 -1.02782795067 0.641115864753 -1.06237918212 2.72000002861
28.4972311542 26.5532873594 -1.08667055684 0.598502442256 -1.1381269317 2.75999999046
28.5643932003 26.4103354317 -1.13158075339 0.559683717699 -1.19126606427 2.79999995232
28.6273538762 26.2631118187 -1.16668038984 0.524672299312 -1.22686344166 2.83999991417
28.6865705764 26.1132348224 -1.19451948617 0.493472501932 -1.24897496899 2.87999987602
28.7424964654 25.9619259327 -1.21675594119 0.466049074278 -1.26090741395 2.91999983788
28.795591801 25.8100381479 -1.2345050857 0.442461130469 -1.26573154031 2.96000003815
28.8463218533 25.6580865848 -1.24857478756 0.422750435643 -1.26626302568 3.0
28.894960871 25.5058102247 -1.26162613418 0.405325147423 -1.26896966754 3.03999996185
28.986999676 25.1991398975 -1.28477198931 0.376870131734 -1.2814867573 3.11999988556
29.0308243089 25.0442560423 -1.29505271907 0.36520527431 -1.29069879374 3.15999984741
29.0734110631 24.888110889 -1.30453406997 0.354889618614 -1.30120961047 3.19999980927
29.1146391186 24.7316015028 -1.31322538903 0.343567129183 -1.3042448848 3.24000000954
29.1545637409 24.574754555 -1.32154451681 0.332705185773 -1.30705789892 3.27999997139
29.1932220931 24.4175907158 -1.3296096107 0.32215293491 -1.30969865935 3.31999993324
29.230749258 24.2601529427 -1.33680081624 0.312726374049 -1.31198144299 3.3599998951
29.2673031155 24.102486345 -1.34297847915 0.304615479152 -1.31388831399 3.39999985695
29.3030072337 23.9446251513 -1.34836461195 0.297534317923 -1.3155099473 3.4399998188
29.3379569816 23.7865952313 -1.35314074347 0.291247899701 -1.31691600062 3.48000001907
29.3720716659 23.6283829408 -1.35842189666 0.284289035365 -1.31843575352 3.51999998093
29.4051167675 23.4699437986 -1.36517745453 0.275375846977 -1.32032618496 3.55999994278
29.4366493375 23.3116917712 -1.37411683712 0.262771416673 -1.31876689518 3.59999990463
29.4928502536 22.9997019497 -1.3996463002 0.223279231836 -1.29181890199 3.67999982834
29.5167121926 22.8468295339 -1.41595524163 0.198849491521 -1.273936798 3.72000002861
29.5375619734 22.6961859182 -1.43326538358 0.17374817351 -1.2553634641 3.75999999046
29.5554403073 22.5476511948 -1.45100791679 0.148986115874 -1.23778936188 3.79999995232
29.5704733006 22.4009658732 -1.46866823839 0.125274944232 -1.22237767973 3.83999991417
29.5828945433 22.2558986981 -1.48538058667 0.103510355592 -1.20889312617 3.87999987602
29.5930083629 22.1122505249 -1.50050544104 0.0842818302802 -1.1970681097 3.91999983788
29.6011529697 21.9698452605 -1.51366540789 0.0678717226254 -1.18671053665 3.96000003815
29.6076770582 21.8285260575 -1.5246634628 0.0543674042343 -1.17766002529 4.0
29.6064585826 21.6873907652 -1.57942949912 -0.0101539630943 -1.17612743575 4.03999996185
29.5996450563 21.545101768 -1.61864490136 -0.0567793859019 -1.1857416429 4.07999992371
29.5887040609 21.4013247392 -1.64674691284 -0.0911749614266 -1.19814190661 4.11999988556
29.5747442165 21.2560570907 -1.66659955211 -0.116332037019 -1.21056373822 4.15999984741
29.5411646459 20.961533498 -1.68851522648 -0.14573956126 -1.23230621365 4.24000000954
29.5228918913 20.8125816295 -1.69286199566 -0.152272954837 -1.24126557059 4.27999997139
29.504353763 20.6626980465 -1.69385488035 -0.154484402954 -1.24902985898 4.31999993324
29.4858584426 20.5115581482 -1.69256310813 -0.154127669925 -1.25949915257 4.3599998951
29.4675026269 20.3587328392 -1.69033348191 -0.152965130179 -1.27354424168 4.39999985695
29.4493663593 20.2038963768 -1.6873967789 -0.151135563787 -1.29030385338 4.4399998188
29.4316219185 20.0467739617 -1.68325370612 -0.147870340212 -1.30935345899 4.48000001907
29.4145402857 19.8871321809 -1.67739052757 -0.142346939752 -1.33034817305 4.51999998093
29.3985990706 19.7260706455 -1.66945094501 -0.13284345893 -1.34217946162 4.55999994278
29.3842440498 19.5648599948 -1.65960720724 -0.119625173483 -1.34342208916 4.59999990463
29.3717434589 19.403494956 -1.64810969161 -0.104171590612 -1.34470865673 4.63999986649
29.3614264056 19.2419756106 -1.63458470021 -0.0859754444021 -1.34599454484 4.67999982834
29.3536957787 19.0803118301 -1.61857909211 -0.0644218906953 -1.34719817094 4.72000002861
29.3469163525 18.7566997708 -1.58245565031 -0.0157250116393 -1.34864591935 4.79999995232
29.3477753908 18.5948535395 -1.56548863358 0.00715865175325 -1.34871859388 4.83999991417
29.3510313409 18.4330377822 -1.55067769978 0.0271329180829 -1.34846464415 4.87999987602
29.3563173674 18.2713234109 -1.53812053566 0.0440502205514 -1.34761976145 4.91999983788
29.3632949581 18.1104389288 -1.52745329773 0.0581465895102 -1.34070401761 4.96000003815
29.3717047571 17.9509337619 -1.51812079636 0.070081658035 -1.32920972355 5.0
29.3815297288 17.792453488 -1.50888064878 0.0818747638887 -1.32066894949 5.03999996185
29.3927462769 17.6347451143 -1.49979380088 0.0934712342339 -1.31423644735 5.07999992371
29.4053260889 17.4776327028 -1.49089791707 0.104831767051 -1.30927009621 5.11999988556
29.4192375454 17.3209965795 -1.48221490039 0.115928803907 -1.3053010269 5.15999984741
29.4344418032 17.1647750614 -1.47377689348 0.126702148735 -1.30184598404 5.19999980927
29.4509045414 17.0089123833 -1.46556315705 0.137189484523 -1.2988556513 5.24000000954
29.468594723 16.853352741 -1.45756316265 0.147418179829 -1.29633035278 5.27999997139
29.5072671554 16.5429222152 -1.44393177907 0.164880118687 -1.29267482892 5.3599998951
29.5275983129 16.3879163797 -1.44037701525 0.169426312408 -1.2917152954 5.39999985695
29.5482189979 16.2329472401 -1.43851024837 0.171839041286 -1.29140949743 5.4399998188
29.5689462051 16.0779360704 -1.43787051863 0.17272672718 -1.29175974747 5.48000001907
29.5895984728 15.9228632852 -1.43839751756 0.172102230193 -1.29227320985 5.51999998093
29.6100352461 15.7677145283 -1.43982661208 0.170306444762 -1.29290630692 5.55999994278
29.6301524512 15.6124753811 -1.44192602516 0.167643375713 -1.2936595602 5.59999990463
29.6498744041 15.457131826 -1.44451489909 0.164349607251 -1.29452962604 5.63999986649
29.6692653288 15.3015769999 -1.44677953337 0.16159103908 -1.29629021749 5.67999982834
29.6886066083 15.1455452881 -1.44746805985 0.161177329781 -1.30026426495 5.72000002861
29.7080949412 14.9888465098 -1.44706353679 0.162402773922 -1.30582315274 5.75999999046
29.7278644417 14.831344153 -1.44593058587 0.16474583759 -1.31251963969 5.79999995232
29.7480023224 14.672939932 -1.44434495183 0.167815672558 -1.32003517489 5.83999991417
29.7895584452 14.3531630256 -1.44062177242 0.17498950266 -1.33666646181 5.91999983788
29.8069499234 14.1922516307 -1.46313316642 0.144928985316 -1.34092829077 5.96000003815
29.8217786758 14.0310838652 -1.47904647028 0.123572936535 -1.34306471219 6.0
29.8347711289 13.8697576842 -1.49043446339 0.108270442655 -1.34438484186 6.03999996185
29.8464758712 13.7083329663 -1.49841401692 0.0975395187391 -1.34520598202 6.07999992371
29.8573068972 13.5468472722 -1.50382551255 0.0902585497914 -1.34571411747 6.11999988556
29.867055386 13.3852926144 -1.51052766638 0.0812374071384 -1.34628881577 6.15999984741
29.8760688746 13.2236952829 -1.51507660344 0.0751124046576 -1.34664442911 6.19999980927
29.8845946762 13.0620714875 -1.51809426863 0.0710483468102 -1.34686496138 6.24000000954
29.8927995458 12.9004310822 -1.52007983902 0.0683739133272 -1.34700337778 6.27999997139
29.9007621148 12.7387785597 -1.52157879227 0.0663547421791 -1.34710435378 6.31999993324
29.9083953037 12.5771101492 -1.52361627324 0.0636099068626 -1.34723675407 6.3599998951
29.9155605558 12.4154203237 -1.52651050224 0.0597104342067 -1.34741521285 6.39999985695
29.9280920753 12.0919666218 -1.53408887971 0.0494975962253 -1.34782902467 6.48000001907
29.9333240912 11.9302026996 -1.53846406984 0.0436001330455 -1.34803268513 6.51999998093
29.9378131381 11.7684164549 -1.54305666727 0.0374087235583 -1.34821870599 6.55999994278
29.9415418758 11.6066109017 -1.54775584532 0.0310728140915 -1.34837960975 6.59999990463
29.9445046917 11.4448750264 -1.55247952125 0.024690132768 -1.347798961 6.63999986649
29.9466377584 11.2833553859 -1.55759085727 0.0177755556976 -1.34599700465 6.67999982834
29.9477604593 11.1223461382 -1.56382354258 0.00935584113322 -1.34174373081 6.72000002861
29.9477392518 10.9620381881 -1.57092861894 -0.00017672902262 -1.33589958384 6.75999999046
29.9464751051 10.8025550189 -1.57872268226 -0.0105345563698 -1.32902641027 6.79999995232
29.9438943683 10.643975443 -1.58706897051 -0.0215061394596 -1.32149646579 6.83999991417
29.9399420048 10.4863486596 -1.59586526129 -0.0329363624856 -1.31355652821 6.87999987602
29.9345803273 10.3297105396 -1.60501267806 -0.0446806459078 -1.30531766667 6.91999983788
29.9278173005 10.1741432067 -1.61424228001 -0.0563585565469 -1.29639444034 6.96000003815
29.9109138982 9.86582158145 -1.62770767945 -0.0730775109113 -1.28267197136 7.03999996185
29.9020654175 9.71186325256 -1.62820638939 -0.0737373393051 -1.28298607413 7.07999992371
29.8935591781 9.55747522997 -1.62583717578 -0.0708853286789 -1.28656685484 7.11999988556
29.8857122312 9.40235515198 -1.62133951769 -0.0653912235464 -1.29266731658 7.15999984741
29.8787602982 9.24626173518 -1.61530391824 -0.0579327754138 -1.30077847337 7.19999980927
29.8728751602 9.08899828559 -1.60820103285 -0.0490428168095 -1.31052874662 7.24000000954
29.8681784847 8.93040253626 -1.6004018061 -0.0391389620185 -1.32163124435 7.27999997139
29.8647527233 8.7703404013 -1.59219575707 -0.0285480119912 -1.33385112473 7.31999993324
29.8626604608 8.60907800881 -1.58376987326 -0.0174355210687 -1.34385327072 7.3599998951
29.8616583638 8.44723260009 -1.57698793994 -0.0083508080468 -1.34871173932 7.39999985695
29.8615706151 8.28538411285 -1.57133849235 -0.000731239029372 -1.34873739366 7.4399998188
29.8623290817 8.12353737903 -1.56611003473 0.00632055513981 -1.34872278188 7.48000001907
29.8637911813 7.96169547226 -1.56176245031 0.0121841630873 -1.3486825564 7.51999998093
29.8674527254 7.63801927755 -1.55863187248 0.016406252196 -1.34863780411 7.59999990463
29.8697089423 7.47625488453 -1.55684968101 0.0188018081394 -1.3480366085 7.63999986649
29.8721290667 7.31461663092 -1.55582497261 0.0201677030339 -1.34698544676 7.67999982834
29.8743775095 7.15303267064 -1.55688221223 0.0187370236546 -1.34653300236 7.72000002861
29.8761956351 6.99144753669 -1.55954498979 0.0151510459842 -1.34654278292 7.75999999046
29.8773546275 6.82970137767 -1.56363094722 0.00965827049593 -1.34788465853 7.79999995232
29.8783534785 6.66785594888 -1.56462476983 0.00832375803944 -1.34871190654 7.83999991417
29.8791760497 6.50600952817 -1.56571395255 0.00685475968971 -1.34872017263 7.87999987602
29.8798123099 6.34416226778 -1.5668651082 0.00530216864381 -1.34872716988 7.91999983788
29.8802584149 6.18231437156 -1.56804001131 0.00371754160239 -1.34873246853 7.96000003815
29.880517838 6.02046606844 -1.56919344982 0.0021618595055 -1.34873585929 8.0
29.8809513683 5.85861813805 -1.56811770625 0.00361275190305 -1.34873275329 8.03999996185
29.8833003475 5.53493022653 -1.56163435387 0.012356924421 -1.34868098459 8.11999988556
29.8855292149 5.37309706345 -1.55702457278 0.0185738952086 -1.34860969231 8.15999984741
29.8885932183 5.21127755781 -1.55186389145 0.0255333618412 -1.34849588031 8.19999980927
29.8925518343 5.04947746547 -1.54633511474 0.0329884662322 -1.34833410284 8.24000000954
29.8974426697 4.88770286842 -1.54057312598 0.0407569615725 -1.34812164209 8.27999997139
29.9032870523 4.72595991274 -1.53467827166 0.0487031880969 -1.34785796405 8.31999993324
29.9101365258 4.56425640247 -1.52846340836 0.0570789466009 -1.34752925224 8.3599998951
29.9180387373 4.40260091826 -1.5219521673 0.065851762437 -1.34712903508 8.39999985695
29.9270151076 4.24100152068 -1.5153062982 0.0748030855099 -1.34666164651 8.4399998188
29.9370663239 4.07946541458 -1.50865372029 0.0837601356846 -1.34613421747 8.48000001907
29.9481769299 3.91799871537 -1.50209411202 0.0925883834774 -1.3455558268 8.51999998093
29.9604216231 3.75661405684 -1.49506869607 0.102039110174 -1.34487215443 8.55999994278
29.9880920379 3.43410351097 -1.4820313011 0.119563571073 -1.34342757313 8.63999986649
30.003381588 3.27297880715 -1.47618697202 0.127412917298 -1.34270586514 8.67999982834
30.0194905319 3.11193396108 -1.47110025856 0.134241199462 -1.34204038395 8.72000002861
30.0363464458 2.95096558316 -1.46646089273 0.140465948745 -1.34140314933 8.75999999046
30.0539016163 2.79007196454 -1.46211582851 0.146293087266 -1.34078015513 8.79999995232
30.072119552 2.62925204246 -1.45799561452 0.151816131043 -1.34016601738 8.83999991417
30.0909680087 2.46850479924 -1.45407406887 0.157070472436 -1.33956036014 8.87999987602
30.1104155145 2.30782892975 -1.45034659279 0.1620625489 -1.3389655791 8.91999983788
30.1304297034 2.14722266348 -1.44681896181 0.166784907195 -1.33838555226 8.96000003815
30.1509765307 1.98668367005 -1.44350184653 0.171223560632 -1.33782494522 9.0
30.1721034107 1.82621998112 -1.43988784511 0.176057333184 -1.33719740772 9.03999996185
30.1938385023 1.66583754346 -1.43609655136 0.181125763899 -1.33652031389 9.07999992371
30.2162014535 1.50554144576 -1.43218073784 0.186357926186 -1.33580081417 9.11999988556
30.2628662505 1.18522640955 -1.4240892189 0.197160365186 -1.33424918294 9.19999980927
30.2871871939 1.02521568418 -1.41995516063 0.202674528567 -1.33342271139 9.24000000954
30.3121751597 0.865307766655 -1.41578521677 0.208233048208 -1.33256597938 9.27999997139
30.3378331002 0.705505981263 -1.41159407925 0.213816170261 -1.33168154493 9.31999993324
30.3636395659 0.545728114059 -1.41066457522 0.215053881079 -1.3314822267 9.3599998951
30.3889018556 0.385863304794 -1.41406947426 0.210519080689 -1.33220674388 9.39999985695
30.4130668934 0.225828960137 -1.42092943353 0.201375314971 -1.33361953881 9.4399998188
30.4357134003 0.0655726771186 -1.43041156875 0.188720890818 -1.33546902515 9.48000001907
