0.124464601165 19.9167283367 0.0664336616135
0.277416140151 19.9284429617 0.0764411982611
0.429482710715 19.9416799811 0.086828663336
0.580626250345 19.9564501801 0.0974136854979
0.731946982271 19.9713985662 0.0984666346175
0.884279793434 19.9854871652 0.0922232995191
1.03825832725 19.9979279551 0.0806204888124
1.19436367167 20.0081302173 0.0652621712733
1.35118230736 20.0155626554 0.0473596800084
1.66510600054 20.021136449 0.00760655555128
1.82208762492 20.0191127789 -0.0128904136882
1.97902115392 20.0147317848 -0.0279089915821
2.13591329796 20.0090589749 -0.0361416424097
2.29278696087 20.0028962222 -0.0392646228888
2.44966523282 19.9968519336 -0.0385094788625
2.60656491205 19.991391504 -0.0347880040752
2.76349453501 19.9868727573 -0.0287867796861
2.92045448946 19.9835714949 -0.0210294126262
3.07743798856 19.9816988907 -0.0119281033282
3.20554859853 19.9444834458 -0.282713625403
3.31072377062 19.8804752824 -0.546709010079
3.39760149886 19.796209699 -0.770136438569
3.53016632307 19.5857010772 -1.07265018232
3.58090039892 19.4661863201 -1.16934882424
3.62374219667 19.3403616775 -1.24262033253
3.66005289891 19.2099278141 -1.29928675628
3.69090300583 19.0761846177 -1.34409479098
3.71758301005 18.9400281682 -1.37729696699
3.74109840313 18.8021444112 -1.40187647101
3.76223321922 18.6630586307 -1.41999469397
3.78159937253 18.5231732916 -1.43322772887
3.79967498968 18.3827969626 -1.44273557488
3.81683418045 18.2421664377 -1.44938037888
3.83337017588 18.1014636466 -1.45380867809
3.8495133142 17.9608285859 -1.45650909262
3.88206346798 17.6790068542 -1.45479015086
3.89911779174 17.5373629639 -1.45097031848
3.91700078766 17.3950159962 -1.44582144353
3.93587685767 17.2518536892 -1.43970167764
3.95587090291 17.107791689 -1.43288949959
3.97707742509 16.9627673053 -1.42559810046
3.99956791164 16.816735211 -1.41798638457
4.02338749019 16.6697322064 -1.41015784596
4.04855346823 16.521927246 -1.40214884486
4.07508487172 16.3734580464 -1.3939631524
4.10300778393 16.2244419026 -1.38556257175
4.13236164738 16.0749825204 -1.37686442691
4.16320465354 15.9251708557 -1.36775477142
4.22967298343 15.6247384125 -1.3480082391
4.26544426408 15.4741357681 -1.33759671071
4.30274124446 15.3232414543 -1.32848025834
4.3413274628 15.1719762453 -1.32103299033
4.38090363022 15.0202504152 -1.31564160605
4.42101309224 14.8684658419 -1.31244912091
4.46130508028 14.7167296191 -1.31124639611
4.50154659099 14.5649800014 -1.31157904641
4.54158571793 14.4131768593 -1.31291248016
4.60983086757 14.290376915 -1.06355497008
4.69938602922 14.1900950651 -0.841842868379
4.80494711881 14.1073737791 -0.664681862472
4.92249437571 14.038372408 -0.530812991796
5.18205949902 13.9302965542 -0.358199649496
5.31997996509 13.8871248496 -0.303357480617
5.46139390049 13.8492117224 -0.261940425082
5.60527077969 13.8154763556 -0.230313294428
5.75093713892 13.7849718448 -0.206430457227
5.89810925362 13.7567511241 -0.189453494471
6.04656278157 13.7300656155 -0.177857214171
6.19612291614 13.7043156355 -0.170499820425
6.34666153839 13.6790166699 -0.166500459386
6.49809899514 13.653782284 -0.165115330181
6.65040503637 13.6283224492 -0.165630919027
6.80359178146 13.6024503565 -0.167313570455
6.95769500274 13.5760847377 -0.169449972035
7.26717386172 13.5230552618 -0.169338717827
7.42196706033 13.4968561912 -0.167663153634
7.57682095745 13.4710183085 -0.165330254335
7.73174594913 13.445610188 -0.162555617994
7.8867479008 13.4206758621 -0.159498160654
8.04182944304 13.3962414418 -0.156273833869
8.19699095268 13.3723200798 -0.15296637666
8.35217347421 13.3485354073 -0.152085486891
8.50730305749 13.3244078707 -0.154295287622
8.66213401125 13.299602254 -0.158860955757
8.81644673741 13.2738721664 -0.165219924587
8.97007524352 13.2470358402 -0.172938308557
9.12289447818 13.2189625947 -0.181676723256
9.42575395269 13.158777253 -0.201191825524
9.57587489833 13.1268843 -0.209336011393
9.7256935913 13.0947221545 -0.211464334344
9.87560591428 13.0629342086 -0.208948654084
10.0259128198 13.0320111904 -0.202901471358
10.1768426996 13.0023243925 -0.194213401533
10.3285684854 12.9741514992 -0.183592046145
10.4812207216 12.9476966165 -0.17159729853
10.6348975531 12.9231057684 -0.158671473053
10.7896723532 12.9004788406 -0.145164248608
10.9452446801 12.8794309349 -0.134476844043
11.1009955953 12.8597084085 -0.1259582549
11.2568780177 12.8410537565 -0.1191048789
11.5689241077 12.8061820684 -0.109025391947
11.7250492335 12.7896814407 -0.105297584245
11.8812247287 12.7736645637 -0.102199605022
12.0374413734 12.7580541331 -0.0995974518648
12.1936678112 12.7430538841 -0.0957226338752
12.3496776796 12.7289647738 -0.0900647792248
12.5052977936 12.7160054569 -0.0830836318827
12.6603949507 12.7043268214 -0.0751570061099
12.814865826 12.6940235339 -0.0666018661207
12.9686294378 12.685140369 -0.0577074240425
13.1216211104 12.6776779456 -0.048738036642
13.2739529681 12.6747471561 -0.0192371311954
13.5769492878 12.678682106 0.0212819968275
13.7280020826 12.683533501 0.0321061777914
13.8789416253 12.6893472872 0.0384982858652
14.0298648601 12.6956127344 0.0414903090549
14.1808454041 12.7019402937 0.0418852546604
14.3319391492 12.708033402 0.0403048353011
14.4831885166 12.7136668639 0.0372289756386
14.634625689 12.7186702753 0.033027505632
14.7863605637 12.7231025736 0.0292025035798
14.9384766845 12.7270096154 0.0256789549937
15.0910375701 12.730427229 0.022397891039
15.2440915347 12.7333835494 0.0193131408797
15.397675342 12.7359008142 0.0163887035836
15.7065377278 12.7396856148 0.0109151573846
15.8618538238 12.7409790509 0.00832757391199
16.0177280377 12.7416153254 0.00408195112557
16.1741072488 12.7412613718 -0.00226342731199
16.330951016 12.7396665488 -0.0101678761265
16.4879166933 12.7366496302 -0.0192178782115
16.6448447908 12.7320782148 -0.0291224009042
16.8017161856 12.7258579942 -0.0396309580673
16.9585102903 12.7179248767 -0.0505526560455
17.1152058408 12.7082382834 -0.0617393574796
17.2718019333 12.6970584154 -0.0712720941804
17.4283443994 12.6851511931 -0.0759176600571
17.5848756469 12.6730973888 -0.0768540660219
17.8980287 12.650204797 -0.07096677999
18.0546885038 12.6399563082 -0.0653256680814
18.2113861593 12.6307871433 -0.0584483619139
18.367978038 12.6228514497 -0.0506342381924
18.5243537284 12.6162628766 -0.0421080708366
18.680854803 12.6109174453 -0.0341426030754
18.8377367088 12.6067324592 -0.0266697029722
18.9947011346 12.6036511189 -0.0196282982272
19.1516826434 12.601618503 -0.0129473996747
19.3086739131 12.6005856167 -0.00657916412631
19.465668562 12.6005091256 -0.000487221413041
19.6226609755 12.6013504071 0.00535868867108
19.7796461722 12.6030748309 0.0109841854026
20.093607641 12.6072566641 0.0129855019387
20.2505951178 12.6087592431 0.00957103797059
20.4075884683 12.6094023204 0.00409618392593
20.5645824684 12.6089445248 -0.00291599864359
20.7215675248 12.6072073751 -0.0110652495211
20.8785306592 12.6040609351 -0.0200430416231
21.0354544741 12.5993447979 -0.0300446302893
21.1923310977 12.5932578773 -0.03878123213
21.3491779887 12.5864477086 -0.0433919600687
21.5060145722 12.5794041501 -0.0448800182733
21.6625694017 12.5725146021 -0.0439788771138
21.8186341752 12.5660743945 -0.0412428479983
21.9740593757 12.5603067976 -0.0370914858773
22.282372696 12.5515951803 -0.0246220429825
22.4349396119 12.5490274065 -0.0168288867204
22.5865903518 12.5474001821 -0.0107296668275
22.7373856611 12.5465019519 -0.00595654887335
22.8878741863 12.545762578 -0.0049131182223
23.038027165 12.545064456 -0.00464937151963
23.1878227713 12.5443098384 -0.00503760591895
23.3372385423 12.5434151672 -0.00598772501942
23.4862525609 12.542307294 -0.00743455386342
23.6348441369 12.5409204409 -0.00933305167357
23.7829235684 12.5391512471 -0.0119470311085
23.9303482975 12.5369170369 -0.0151537614821
24.0769628471 12.5341879251 -0.0186120452963
24.3673903193 12.5287448897 -0.0187073564648
24.5106436493 12.5261178607 -0.0183362895813
24.6523706584 12.523615031 -0.0176576754592
24.7925173068 12.5212662031 -0.0167582178452
24.9310939619 12.5190317508 -0.016122907778
25.0681654379 12.5167567595 -0.0165955930179
25.2040235602 12.5141586014 -0.0191217239993
25.3390027166 12.5109327719 -0.0238941747944
25.473406378 12.5068101505 -0.030663815846
25.6074168907 12.5016451776 -0.0385224838052
25.7412317349 12.4953064492 -0.0473340138127
25.875052928 12.4876948216 -0.056817868971
26.0090833832 12.4787420555 -0.0666974279259
26.2799351473 12.4581983677 -0.0781714718628
26.4177106185 12.4469385287 -0.081544778621
26.5576070162 12.435267737 -0.0832318025642
26.7000368855 12.4234254753 -0.0829537082026
26.8454135665 12.4117241385 -0.0803166303579
26.9941245311 12.4005628357 -0.0749132113779
27.1464814724 12.3904275114 -0.0664256771312
27.3029022935 12.3815113673 -0.0569393908687
27.4597261701 12.3741903466 -0.0466492069167
27.6166073781 12.3682227491 -0.0380206256013
27.7735339751 12.3636001108 -0.0294488121554
27.9304954471 12.3603718054 -0.020564602841
28.0874795109 12.3585471593 -0.0116226058152
28.3549193345 12.4365290668 0.331280752912
28.4786405744 12.4911608506 0.41582278685
28.597269253 12.5539224082 0.486623571586
28.711471648 12.6240395643 0.55063026431
28.8217067795 12.7010709731 0.609914649258
28.9280693373 12.7849555993 0.667792197127
29.0303122274 12.8758683697 0.726807326322
29.1279460948 12.974074732 0.788321430573
29.2200836165 13.0800303725 0.855041010018
29.3055371864 13.1942492705 0.928476332944
29.3837387806 13.3169952128 1.00354227202
29.4531589514 13.4485406201 1.08521330924
29.5122741698 13.5886363912 1.17150093695
29.5985647064 13.8885908657 1.32522645948
29.6289338117 14.0426202235 1.37612878998
29.653687646 14.1976511021 1.41246250459
29.6745517234 14.3532532098 1.43750526492
29.6927215951 14.5091928821 1.45480078424
29.70903078 14.6653381226 1.46672487789
29.7241079617 14.821607135 1.47461182098
29.7384295435 14.9779472064 1.47944596375
29.7523593767 15.1343226692 1.48195142531
29.7661779768 15.2907080008 1.48266272365
29.780148473 15.4470798361 1.48169138802
29.7944913737 15.6034179531 1.47930960068
29.8093123295 15.7597114747 1.47625133861
29.8400602266 16.0721915164 1.47174173611
29.8557786906 16.2283973278 1.47050728967
29.8715755295 16.3845952328 1.47000553517
29.8873387585 16.5407965332 1.47022070837
29.9029627833 16.6970118189 1.47111185343
29.9183501897 16.8532505892 1.47262643302
29.93341201 17.0095210829 1.47471012181
29.9483081833 17.1658074536 1.47577006996
29.963201837 17.3220940644 1.47578619114
29.9782317576 17.4783676294 1.47491425083
29.9934986759 17.6346182193 1.47339758355
30.0090600999 17.7908397534 1.47151257932
30.024930621 17.947030189 1.46953380094
30.0580776037 18.2592638677 1.46234809333
30.0755951667 18.4152781639 1.45898286176
30.0931774928 18.5712851748 1.45856774135
30.1104420644 18.7273276696 1.46060430574
30.12708593 18.8834375905 1.46458124272
30.1428745511 19.0396363263 1.47005814685
30.1576284981 19.1959361877 1.47668006654
30.1712118617 19.3523421271 1.48416683531
30.1835233573 19.5088533174 1.49229589437
30.1944059294 19.6654703512 1.50142259428
30.2036027838 19.8221954082 1.51218208959
30.2109947286 19.9790159579 1.52369486248
30.2203122698 20.2928618508 1.54685078531
30.2223489191 20.4498433073 1.55782323412
30.2227712412 20.6068374068 1.56810628262
30.2217088917 20.7638284799 1.5775631653
30.2190379876 20.9208004262 1.58780985355
30.2164736838 21.07777415 1.58713075318
30.2152574695 21.2347641066 1.57854325526
30.2162046379 21.3917559169 1.56476316561
30.219825671 21.5487088199 1.54772959253
30.2264397364 21.7055641028 1.52865461846
30.2362529991 21.8622517714 1.50824857082
30.2494021135 22.0186948167 1.48694292763
30.2659693351 22.17481289 1.46507219146
30.3059034657 22.4862484044 1.43824255813
30.3274357157 22.6417594582 1.4332099041
30.3491862028 22.7972401385 1.43180641353
30.3707449923 22.9527475153 1.43303924227
30.3918044395 23.1083233017 1.43624958536
30.4121210866 23.2639978323 1.44102258429
30.4314915925 23.4197929193 1.44709790101
30.449838516 23.5757118599 1.45366532303
30.4673380444 23.73172818 1.45909845622
30.4842626087 23.8878079185 1.46278298561
30.5008880346 24.0439198041 1.46469936177
30.5174463882 24.2000388182 1.46512899404
30.5509763861 24.5122326647 1.46313721135
30.5681055005 24.6682900871 1.46147234313
30.5855013852 24.8243179975 1.45976274562
30.6026475147 24.9803735513 1.46136331147
30.6189931669 25.1365149785 1.46649132736
30.6341005031 25.2927810786 1.47441885366
30.6476331233 25.4491914165 1.48449126464
30.6593312461 25.6057496471 1.49621433542
30.6689908044 25.7624468665 1.50922950057
30.7270212758 25.890886391 1.14643686664
30.8091642446 25.9956835113 0.905994137432
30.9067802501 26.0817643779 0.722686082258
31.015587232 26.1533688214 0.582039183293
31.2570445685 26.2659829183 0.3974353245
31.3880941242 26.311421781 0.333759056499
31.5285842228 26.3502598973 0.26971130751
31.6788015807 26.3831910371 0.215809308702
31.83330677 26.4110383372 0.178320913134
31.9885789146 26.4342307222 0.148269878148
32.1444392361 26.4530691359 0.120283810276
32.3007010135 26.4682211176 0.0966631778531
32.4572161494 26.4804823518 0.0781793004255
32.6138852532 26.4905876749 0.0644118318465
32.7706473356 26.4991302243 0.0544398771992
32.9274668595 26.5065438983 0.0472400256305
33.084323923 26.5131156004 0.0418716309168
33.3981048249 26.5245482964 0.0352206034831
33.5550091964 26.5298721883 0.0339177938279
33.7119154059 26.5351416351 0.0335708009575
33.8688185039 26.5405029279 0.0341561625987
34.0257136496 26.5460921041 0.0356085824254
34.1825960906 26.5520271979 0.0378134394731
34.33946115 26.5584051894 0.040636713229
34.4963042171 26.5653028653 0.0439498807974
34.6531517799 26.5720975453 0.0432932093818
34.8100321918 26.5780860357 0.0381538031114
34.9669545325 26.5828509725 0.0303556083917
