0.0454916282254 19.8456005141 0.0759437584774
0.227007308203 19.8607868372 0.0834695832209
0.408431987831 19.8770242049 0.0892613977847
0.58983435761 19.8935089471 0.0906249923851
0.771269406312 19.9096300386 0.088620509782
0.952775120836 19.9249350078 0.0841232422029
1.13437147487 19.9391241124 0.0779769753288
1.31606173061 19.9520553713 0.0710521914908
1.67968311706 19.9742456943 0.0577693958051
1.86158462157 19.9837540666 0.0522245616221
2.04350484437 19.9928973167 0.0502174137865
2.22542362198 20.0020692763 0.0503752275905
2.40733263918 20.0114328199 0.0514283849676
2.58923279542 20.0209669505 0.052366167774
2.77113198896 20.0305194308 0.0524670461738
2.95304243764 20.0398551229 0.051275279004
3.13497760181 20.0486960802 0.0485558042758
3.28468933848 20.0154969165 -0.218222632653
3.4145447402 19.9580282144 -0.416648948185
3.53300669474 19.8905842352 -0.517562904754
3.74747630058 19.735240997 -0.657825087797
3.84767960219 19.649902848 -0.705451236153
3.94519415474 19.5603307839 -0.742970104371
4.04101312301 19.4667291835 -0.773692641355
4.13574443284 19.368993488 -0.801006769634
4.22972258914 19.2670015533 -0.826268256815
4.32275369303 19.1603831839 -0.8533489906
4.41417554004 19.0485503807 -0.885483245187
4.50323138292 18.9311151947 -0.921978712892
4.58881870778 18.8077238005 -0.964361881397
4.66959186474 18.6781513687 -1.01336116701
4.74388840292 18.5422360331 -1.07053768109
4.80979248249 18.3998794155 -1.1372250352
4.90751346518 18.0934328602 -1.30927424918
4.93787735974 17.9287778389 -1.38843590624
4.9593386273 17.7589695657 -1.44507758949
4.97424175952 17.585387332 -1.485150034
4.98430631041 17.4090705637 -1.51377599385
4.99079987907 17.2308042821 -1.53438619444
4.99466410482 17.0511796129 -1.54928686594
4.99660347087 16.8706401566 -1.56005467785
4.9972188301 16.6895622978 -1.56739802691
4.99699402526 16.5082449723 -1.57203616821
4.99628932501 16.3269048938 -1.57468237727
4.99537482833 16.1456980021 -1.57584298322
4.99445674207 15.9647372052 -1.5758696819
4.99321143078 15.6038590247 -1.5734749794
4.99310579863 15.4240451405 -1.57138377939
4.99335827366 15.244574058 -1.56938955497
4.99377863098 15.06514838 -1.56845353756
4.99426172946 14.885582655 -1.56810596192
4.9947546819 14.7057702834 -1.56805485136
4.99523513447 14.525658843 -1.56812880364
4.9956979278 14.3452318605 -1.56823134288
5.0390360528 14.2002817561 -1.28026960416
5.10985027399 14.0772294637 -1.048600852
5.19372766776 13.9645032065 -0.931094566579
5.28556559652 13.8580220275 -0.859101227325
5.3835564045 13.7559981949 -0.80555907852
5.59386744434 13.5607939031 -0.732130353411
5.70492829115 13.4662643853 -0.705161727065
5.81947807662 13.3734325131 -0.681054138604
5.93734306484 13.2823272269 -0.658036244717
6.05843022936 13.1931516582 -0.634777518889
6.18296872587 13.1055416203 -0.613056087842
6.31143514048 13.019422258 -0.590558481326
6.44415928988 12.9349653117 -0.566708431328
6.58126824288 12.8525317506 -0.541320985116
6.72266737189 12.7724355468 -0.515388561048
6.86809124736 12.694799362 -0.490368312917
7.01718177279 12.6193435115 -0.468521755765
7.16965152919 12.5453640391 -0.451743748945
7.48457057671 12.4014208019 -0.419973833602
7.64730068073 12.3331156716 -0.397411118618
7.81373370209 12.2685259935 -0.370190303594
7.98393442419 12.2086056783 -0.338505948155
8.15781005631 12.1543301677 -0.302567191016
8.33370766328 12.1070163394 -0.262765614586
8.51144737434 12.0671771426 -0.2204990418
8.69077536214 12.0352390889 -0.176250548432
8.87134806302 12.0113211838 -0.131689247381
9.05275445565 11.9948807701 -0.0903806290766
9.23463076215 11.9849020115 -0.0548106789955
9.41672361331 11.9803456926 -0.0250167335752
9.59887345777 11.9803712342 0.000140222659059
9.96298087406 11.9917002387 0.0404974935894
10.1448338179 12.002096069 0.0571039863977
10.3265275246 12.0149787489 0.0707848209515
10.5080715219 12.029822722 0.0815836679449
10.6894817992 12.0462202148 0.0901440310236
10.870776114 12.0638536468 0.0969591331127
11.0519716731 12.0824744914 0.102407065681
11.2330841201 12.1018870654 0.106777535482
11.4141272197 12.1219360692 0.110292208405
11.5949210175 12.1424751771 0.113120173285
11.7754492877 12.1633686585 0.115222602791
11.9559601205 12.184474579 0.116394796723
12.1366426817 12.2056791337 0.116823680656
12.498479657 12.2479669081 0.116023860315
12.6794261661 12.2688697149 0.115009478577
12.8604000759 12.2895339462 0.113691092517
13.0414060929 12.3099150235 0.112126618985
13.2228191102 12.3262821741 0.0899767750155
13.4044891212 12.3394948044 0.0726009095569
13.5863236168 12.3502084721 0.0588518461921
13.7682648862 12.3589228844 0.0478602660943
13.9502764571 12.3660189779 0.0389673108983
14.1323349442 12.3717873209 0.0316734144709
14.3144251088 12.3764497695 0.0255995707036
14.4965099846 12.3801753915 0.0204580541005
14.6784309585 12.3830917988 0.0160298037386
15.042564065 12.3862170972 0.00588738649287
15.2247139111 12.3862257932 4.77406725486e-05
15.4068603773 12.3851161383 -0.00609202689675
15.5889961875 12.382854919 -0.0124143795743
15.771113748 12.3794255346 -0.0188283829888
15.9532054668 12.3748241854 -0.0252640275202
16.1352639867 12.3690568792 -0.0316677193406
16.3172857939 12.362228396 -0.0374970600127
16.4992759913 12.354603794 -0.0418711874579
16.6812402332 12.3463830192 -0.0451472693842
16.8631838341 12.3377174203 -0.0475919751933
17.0451114283 12.3287220365 -0.0494046214792
17.2270269005 12.3194847503 -0.050734328766
17.5908336172 12.3005394629 -0.052363543675
17.7727295299 12.2909247125 -0.0528093820457
17.9546433087 12.2816541353 -0.0509173317571
18.1365899312 12.2730522145 -0.0472419904353
18.318325664 12.265377851 -0.0422030746016
18.4996120789 12.2588281732 -0.0361131872125
18.6802679934 12.2535499624 -0.029208618467
18.860155756 12.2496509933 -0.0216710612545
19.039170821 12.2472087636 -0.0136417471963
19.2172338253 12.2462772138 -0.00523152643949
19.3946213259 12.2465610356 0.00160000902132
19.5717119827 12.2476659081 0.00623894097273
19.9260851065 12.251199045 0.0107720518142
20.1037526832 12.2532185035 0.0113660105017
20.2819227647 12.2552129601 0.0111936485889
20.4606913929 12.2570806774 0.0104472994231
20.64013153 12.2587454038 0.00927706954576
20.8202205238 12.2602295429 0.0082409562498
21.0007849932 12.2617093108 0.00819504947086
21.1816931453 12.2633193154 0.00889933432038
21.3628448105 12.2651618962 0.0101711306979
21.5441638677 12.267314337 0.0118704550925
21.7255924845 12.2698344364 0.013889414822
21.9070867401 12.2727648085 0.0161444091019
22.0886132958 12.276136203 0.0185703236206
22.4520676262 12.2843010129 0.0238022820605
22.6341532038 12.2891392882 0.0265651853023
22.8162245388 12.2944867614 0.0293617685278
22.9982802113 12.3003432596 0.0321576317074
23.1803189886 12.3067032952 0.0349236013199
23.3623398402 12.3135572049 0.0376367493192
23.5443419464 12.320892042 0.0402790395363
23.7263247009 12.3286922694 0.0428362338108
23.9082950827 12.3367759947 0.0443941145201
24.09026269 12.3449219392 0.0447360369933
24.2722349919 12.3529623247 0.0441559465875
24.4542174389 12.3607697249 0.0428756484983
24.6362137362 12.3682473069 0.0410633554964
25.0002558306 12.3819370346 0.0363267162288
25.1823030011 12.3880521136 0.0335780038764
25.3643655223 12.3936916942 0.0309661640536
25.5464383518 12.3989880383 0.0290809507917
25.7285180222 12.4040437404 0.0277592956342
25.9106020971 12.4089382425 0.0268739799248
26.0926888293 12.4137328673 0.0263254608024
26.2747769447 12.4184746735 0.0260353880461
26.4568655042 12.4231993939 0.0259415557699
26.6389538155 12.4279336703 0.025994035553
26.8210413756 12.4326967522 0.0261522309849
27.002921295 12.4375542997 0.0267010953769
27.1844073444 12.4425526345 0.0275341915333
27.5456661576 12.4530827377 0.0297178660616
27.7252500775 12.4586389392 0.030929437562
27.904048079 12.4643872502 0.0321386800518
28.0820133746 12.4703132461 0.0332863048214
28.2261907352 12.518078563 0.319915422981
28.3439207964 12.597825513 0.595376850628
28.441037879 12.7019741255 0.820320513817
28.5221240207 12.8247144223 0.986983361705
28.5908173418 12.961555351 1.10555481413
28.6500343575 13.1089500959 1.18877536453
28.7021156757 13.2640370483 1.24680934128
28.7489296945 13.4245201273 1.28696515422
28.7919522285 13.5886101687 1.31437936861
28.8713986428 13.922198385 1.34184453196
28.9097453004 14.0896645477 1.34569545686
28.9480695589 14.2566586308 1.34520789575
28.9868295887 14.4227139267 1.34148561498
29.0263591444 14.5874868904 1.33534290793
29.0668959012 14.7507269568 1.32739378897
29.108603229 14.9122552987 1.31811091065
29.1515869678 15.0719494709 1.30786492314
29.195478872 15.2301533523 1.300164146
29.240042676 15.3870626984 1.29407315103
29.2851302743 15.5427936095 1.28897944436
29.3306514576 15.6974327702 1.28451232144
29.3765534335 15.8510736328 1.28047614972
29.4693989138 16.1559040985 1.27348201238
29.5163212766 16.3074853474 1.2705989244
29.5637664366 16.4586596265 1.26668738251
29.6119436951 16.6095031703 1.2616507945
29.6609608673 16.7601711264 1.2562637861
29.7108414042 16.9108545365 1.25112135331
29.7615290843 17.0617565319 1.24673934103
29.8128886945 17.2130759349 1.24358505049
29.8647072946 17.3649943091 1.24207660003
29.9166979295 17.5176661958 1.24257531925
29.9682909664 17.671172032 1.24655945002
30.0185675561 17.8254296777 1.2557270482
30.0668906966 17.9802609593 1.26827416216
30.1573702002 18.2912406289 1.29117383953
30.2000192208 18.4477874403 1.30481520648
30.2402115205 18.6053021755 1.32096211384
30.2774112902 18.7639429825 1.34046721181
30.3095411473 18.9241826216 1.3729091882
30.3378399761 19.0867469946 1.39844571394
30.3617851487 19.25234218 1.42719104717
30.3808648801 19.4213509297 1.45838030623
30.3948283644 19.5938613522 1.49002956253
30.4040797188 19.769733767 1.51824211829
30.4098561953 19.9487429011 1.53853834836
30.4136926933 20.1307016083 1.54971500759
30.4168121864 20.3128247404 1.55366951783
30.4201579445 20.6771066155 1.56528182244
30.4194048396 20.8592549049 1.57493087353
30.4165784214 21.0413828211 1.58631394405
30.4114437309 21.2234602811 1.59898943742
30.4038288064 21.4054508836 1.61261433867
30.3936116019 21.5873139508 1.62691808662
30.3807103834 21.7690063421 1.64168318003
30.3652346817 21.9504967079 1.65586065836
30.3482518258 22.1316040076 1.66429525628
30.3302672408 22.3121147259 1.67010028687
30.3116097174 22.4919168518 1.67419325352
30.2925075 22.6709232172 1.67710651095
30.2731329294 22.8490484253 1.67913979541
30.2341047988 23.2023445496 1.68117700984
30.2146736055 23.3773888642 1.68135098198
30.1955356757 23.5520104919 1.67995722012
30.1768560569 23.7267116307 1.67731490907
30.1587674725 23.9018703643 1.67370121629
30.1413759115 24.0777701864 1.66934798818
30.1247655876 24.2546223216 1.66444370605
30.109003263 24.4325826166 1.65913793616
30.094141971 24.6117643196 1.65354671263
30.0802241664 24.7922477324 1.64775805197
30.0670608093 24.9737212112 1.64320549422
30.0544262627 25.1554323411 1.64021554535
30.0421365046 25.3371671157 1.63831821581
30.0616724294 25.665347933 1.35817470943
30.1263987169 25.7846485261 1.07369248772
30.2162102708 25.882865334 0.830070477512
30.3249349643 25.9645634956 0.644410773557
30.4481131745 26.0333994822 0.509599096775
30.5828039953 26.0924331775 0.413073676674
30.726764788 26.1440356566 0.34418109236
30.8782850893 26.1900439563 0.294796970718
31.0360600492 26.2318812076 0.259204954837
31.199093715 26.2706499868 0.233460125937
31.3666250009 26.30720505 0.214831255206
31.5380709627 26.3422103089 0.201408307105
31.7129834574 26.3761838288 0.191842842512
32.0679393348 26.4415123464 0.179335740422
32.2461025733 26.4730762897 0.17534367104
32.4238416407 26.5040279008 0.172411808594
32.6007064982 26.5344353174 0.170260083806
32.7763721066 26.5643357824 0.168596585197
32.9506042252 26.5937291848 0.167128878755
33.1232275221 26.6225826168 0.165615799913
33.2947351372 26.6509136488 0.16370981219
33.4658190017 26.6787712903 0.161413715905
33.6370048664 26.7061981321 0.158866588683
33.8086921702 26.7332313216 0.156173745794
33.9811843391 26.7599033863 0.153412699215
34.154711818 26.7862429285 0.150639005713
34.5055304313 26.8380226649 0.145196150418
34.6829272497 26.8634366237 0.142292332439
34.8613634263 26.8883459718 0.138701728464
