0.213409276008 19.9191951299 0.112371510866
0.439301624684 19.9406998267 0.0949128356455
0.665456115304 19.9590092415 0.080783575812
0.89179297775 19.9747605196 0.0694801696012
1.11821995414 19.9883952186 0.0601441350958
1.3446070854 20.0001398495 0.051832060412
1.57085545201 20.0101682371 0.0442956911393
1.79689010719 20.018632028 0.0374271749771
2.02265400775 20.025649673 0.0310739941747
2.24810368814 20.0313135711 0.025117387046
2.47320591277 20.0356955249 0.0194640478665
2.69793513565 20.0388508525 0.0140396529479
3.14641193028 20.0419643524 0.00509901111428
3.32902508115 19.9908458676 -0.272941686003
3.47904104514 19.8999650746 -0.544678767167
3.60349502181 19.7788971762 -0.771607686854
3.70792360575 19.6349709612 -0.943114435922
3.7966806482 19.4737921459 -1.0674355134
3.87318801772 19.299646457 -1.15685118724
3.94013398785 19.1158093381 -1.22156366419
3.99956376918 18.9244539759 -1.26966811042
4.05305251775 18.727077212 -1.30615434672
4.10184037107 18.5248242223 -1.3340963017
4.14690436627 18.3185711536 -1.35568786761
4.18901489051 18.1089883842 -1.37251101483
4.26668020857 17.6817655473 -1.3961683649
4.30309586687 17.4648190123 -1.40449121859
4.33824672213 17.2459785136 -1.41153350587
4.37214763051 17.0254174102 -1.41828682277
4.40482332511 16.8032702513 -1.42475324867
4.43630849982 16.5796431797 -1.43092250187
4.46664922428 16.3546223375 -1.43676947796
4.49576043019 16.1294060727 -1.44225017847
4.52372929273 15.9040450934 -1.44732074494
4.55066559903 15.6785583672 -1.45190124702
4.57669174996 15.4529647775 -1.45593668863
4.60233017067 15.2273267938 -1.4576552303
4.62797281502 15.0016892902 -1.45763651157
4.68029355286 14.5505334141 -1.45428820452
4.70732664198 14.3250582705 -1.45147201865
4.78049911986 14.1414607742 -1.19154200447
4.88899404869 13.9904924534 -0.947656188029
5.02456994879 13.8649437377 -0.747017024098
5.18089574153 13.759626577 -0.592858127391
5.35314295037 13.6707010567 -0.476576223801
5.5376260258 13.5951615097 -0.388639993284
5.73153121425 13.5306505101 -0.321174611132
5.93270990599 13.4753131959 -0.268427090101
6.13952208706 13.4276838706 -0.226355500637
6.35071874258 13.3865994771 -0.192131860229
6.56535355405 13.3511362443 -0.163746536917
7.00171173182 13.2928118659 -0.124824886965
7.22202693465 13.2676864409 -0.113552498012
7.4430779883 13.2441793971 -0.105943983442
7.6644947277 13.221708685 -0.101139779862
7.88599512849 13.1998224812 -0.0984891751086
8.10736444675 13.1781715057 -0.0974946891686
8.32843931709 13.1564873024 -0.0977725900767
8.54909563121 13.1345652342 -0.0990244337349
8.76988543338 13.1125202965 -0.0995159916659
8.99122834884 13.0904400026 -0.0994271073596
9.21344326431 13.0683899989 -0.0989045144993
9.43677241622 13.0464184675 -0.098066251988
9.66139970627 13.0245595642 -0.097006442543
10.1135249025 12.9814082758 -0.0945057643755
10.3396300082 12.9602822393 -0.0931641040793
10.5657657621 12.9394868291 -0.0917019354701
10.7919342437 12.919050435 -0.0901144370466
11.0181362881 12.8989889455 -0.0884569268018
11.2443717156 12.8793074912 -0.0867769809135
11.4704278 12.8600195593 -0.0851175015416
11.6958556218 12.8411484606 -0.083517649397
11.920312462 12.8226982516 -0.0820149752463
12.1435359993 12.8046560774 -0.0806502718836
12.3655969368 12.7871111727 -0.0788456228452
12.5870886563 12.7703417729 -0.0755670136779
12.808456218 12.7545191364 -0.0713554106823
13.252442453 12.7317183708 -0.0359398722695
13.4758129819 12.7294118839 -0.0103254665414
13.7002309129 12.7319249666 0.0111977578858
13.9257649749 12.738578405 0.0294922601866
14.1523310561 12.7490649947 0.046251896489
14.3790717132 12.7616547794 0.0554680860819
14.6057664669 12.7750457063 0.0590017379181
14.8324717723 12.7882567909 0.0582084326715
15.059229246 12.8005399661 0.0541158892191
15.2860628904 12.8113254209 0.0475120783036
15.5129484691 12.8201798269 0.0390060711374
15.7397722946 12.8267756649 0.0290709310742
15.9664426129 12.8308716438 0.0180682377522
16.4199828586 12.8337677051 0.00354811001714
16.6470727592 12.8338405444 0.000320750695062
16.8741625517 12.8336072932 -0.00102713143315
17.1012523635 12.8333936265 -0.000940890420333
17.3283422694 12.8334476126 0.000237730019177
17.5554316092 12.8339575216 0.0022454076546
17.782518815 12.8350662251 0.00488224179297
18.0096029235 12.8366897861 0.00714948045721
18.2366865467 12.838379853 0.00744234947231
18.463772046 12.8397955901 0.00623429815503
18.6908602431 12.8406781896 0.00388657409558
18.917950103 12.8408324665 0.000679364701465
19.145038875 12.8401128145 -0.00316902315985
19.5991955668 12.8356527226 -0.0121504111528
19.8262524975 12.8317825179 -0.0170434346422
20.0532926767 12.8270301214 -0.0209289062603
20.2803172674 12.8215837019 -0.0239858378172
20.5070592197 12.8156084927 -0.0263463666189
20.7328424573 12.8092581214 -0.0281185513151
20.9571449287 12.8026609826 -0.029403320618
21.1795625673 12.795926603 -0.030268835069
21.3997823475 12.7891504633 -0.0307601904571
21.6175622642 12.7824175901 -0.0309061068136
21.8333179939 12.7759601001 -0.0299207015003
22.0476490516 12.7700519996 -0.0275583242496
22.2609915006 12.7649244032 -0.0240299548936
22.6859169285 12.7577655458 -0.0141702307687
22.8979354618 12.7560414863 -0.00813146596558
23.1098850429 12.7557173381 -0.00152936339818
23.3219142465 12.7568844637 0.00550449521312
23.5338271585 12.7593631019 0.0116959611921
23.7448609673 12.7624872509 0.0148029398257
23.9545424547 12.7656588075 0.0151244387868
24.1625684931 12.7683585633 0.0129772420392
24.368736504 12.7701485512 0.00868196254329
24.5729056027 12.7706681868 0.00254511790412
24.7750347319 12.7695626234 -0.00546953534575
24.975081158 12.766561386 -0.0150015786211
25.1730080519 12.7614596696 -0.0257700555707
25.5672610751 12.7479867169 -0.0358373200886
25.7653071073 12.7407095988 -0.0367280556308
25.9648403284 12.7335087441 -0.0360728452696
26.1663792435 12.7265099919 -0.0347126058774
26.3703582437 12.7197074337 -0.0333369512743
26.5771347632 12.7129981217 -0.0324357861226
26.786989378 12.7062230428 -0.0322734213897
26.9997384531 12.6989610652 -0.0341207558269
27.2150055812 12.6907782778 -0.0379939550214
27.4324427138 12.6814043662 -0.0430842271454
27.651718335 12.6707231772 -0.0486727747797
27.8725161524 12.6587509485 -0.0541695398991
28.0945430804 12.6455988359 -0.0591674244687
28.4065946253 12.4795813602 -0.637195939741
28.5142954609 12.3564970845 -0.851956689986
28.5962395518 12.2259519165 -1.01025290918
28.6560380834 12.090232621 -1.15578311838
28.6991149984 11.9460033761 -1.2805603761
28.7313971343 11.7912974967 -1.36508040295
28.7567858103 11.6277256612 -1.41681083207
28.7776128113 11.4582847359 -1.44849379303
28.7864948701 11.2745020956 -1.52250475161
28.7883962379 11.0820735003 -1.56091574817
28.7859582522 10.8829475479 -1.58303915033
28.780786826 10.6781543984 -1.59604291058
28.7740725758 10.4682574831 -1.60277374532
28.759478096 10.0342693375 -1.60385328139
28.7528961347 9.81045269979 -1.60019568235
28.7475308976 9.58342617601 -1.59442457304
28.7438419766 9.35636622769 -1.58704136011
28.741336306 9.12929013938 -1.58183037698
28.7394010977 8.90220847292 -1.57931820104
28.7377253447 8.67512474361 -1.57817564304
28.736131131 8.44804042721 -1.57781657137
28.7345081704 8.22095631445 -1.57794316326
28.7327845077 7.99387294374 -1.57838662119
28.7309107354 7.76679076203 -1.57904765535
28.7288522686 7.53994367446 -1.57987032614
28.725594475 7.08780719354 -1.57637683224
28.7254743914 6.86184560743 -1.57132776062
28.7267499039 6.63559162508 -1.56515886127
28.7295874022 6.40884082064 -1.55828325026
28.7340913602 6.18179557706 -1.55096165725
28.7403134376 5.95479092067 -1.54339371742
28.7482754119 5.72784062824 -1.53572825034
28.7579804982 5.50095819268 -1.52804654998
28.769143095 5.27414279482 -1.5216215452
28.7815823394 5.04739382908 -1.51599215982
28.795179143 4.82071133041 -1.51088639714
28.8098500395 4.59409581227 -1.50614739201
28.8255313746 4.36754797184 -1.50168791015
28.8597162543 3.9146573916 -1.49345246001
28.8781023987 3.68856870721 -1.48965218218
28.8972887771 3.46278430891 -1.48602343769
28.9172520064 3.23717041923 -1.48254213053
28.9379707165 3.01161723655 -1.47919606677
28.9594263952 2.78603374074 -1.47596966627
28.981603856 2.56034312173 -1.47284591197
29.0044914972 2.3344789026 -1.46980742387
29.0280633037 2.10861567362 -1.46680957865
29.0523092588 1.8828238183 -1.46382434483
29.0772793537 1.65711089746 -1.4606166751
29.1031026729 1.43149399993 -1.45683574413
29.1298556789 1.20598545255 -1.45271411736
29.1862699482 0.755323962436 -1.44410061294
29.2159240709 0.530178539937 -1.43983915374
29.2465053796 0.305157181327 -1.43571986012
29.2779671605 0.0802572377719 -1.43180597059
