34.9761637864 27.4486213915 3.09768125993 -1.45352851574 0.0638675181345 9.59999990463
34.8010539424 27.4552258777 3.10389427493 -1.45924870067 0.0550373849995 9.63999986649
34.6250937773 27.460839222 3.10970224679 -1.46633470905 0.0467778691188 9.67999982834
34.2694169524 27.4701889671 3.11676330304 -1.48788829416 0.0369508937142 9.75999999046
34.0892652636 27.4742953136 3.11880277265 -1.50126407364 0.0342195540048 9.79999995232
33.9073752011 27.4781571285 3.12036425432 -1.51575052094 0.0321817915843 9.83999991417
33.7252611335 27.4817672351 3.12177192331 -1.51761723001 0.0300842215298 9.87999987602
33.5431426168 27.4851454547 3.12304521424 -1.51765430573 0.0281518294104 9.91999983788
33.3610200116 27.4882955588 3.1242977654 -1.51768837682 0.0262508681629 9.96000003815
33.1788934143 27.4912057206 3.12561522817 -1.51772164422 0.0242513480265 10.0
32.9967659167 27.4940589857 3.12592762894 -1.5177291463 0.0237772094405 10.0399999619
32.8146398094 27.4969996537 3.125447728 -1.51771756082 0.0245055663185 10.0799999237
32.6325168534 27.5001294115 3.12440948351 -1.51769130004 0.0260813147224 10.1199998856
32.450398648 27.503524369 3.12295330691 -1.51765171196 0.0282913128464 10.1599998474
32.2682864936 27.5072297312 3.12124886583 -1.51760128663 0.0308780184221 10.1999998093
31.9040833831 27.5156118362 3.11771131358 -1.51748255842 0.0362464078631 10.2799999714
31.722001143 27.5205741266 3.11434638056 -1.51735200087 0.0413524201904 10.3199999332
31.5399262088 27.5257976137 3.11291185409 -1.5172911185 0.0435290585045 10.3599998951
31.3578462375 27.5308424671 3.11389293977 -1.51733309401 0.0420404452056 10.3999998569
31.1757528566 27.5353775656 3.11669245612 -1.51744484088 0.0377924872075 10.4399998188
30.9936421391 27.539152889 3.12086469843 -1.51758931232 0.0314610290698 10.4800000191
30.8115142307 27.5419798085 3.12607228409 -1.51773256991 0.0235576618552 10.5199999809
30.6293726709 27.5437172383 3.13205404424 -1.5178463321 0.0144785823291 10.5599999428
30.4472236397 27.5442621719 3.13860097182 -1.5179085926 0.00454111301261 10.5999999046
30.2650752115 27.5435434274 -3.13764674639 -1.51790356829 -0.00598953770483 10.6399998665
30.0829343596 27.5417333107 -3.13165497581 -1.51784043329 -0.0150843057129 10.6799998283
29.9007995176 27.5393953953 -3.12875717978 -1.51779034929 -0.0194826282059 10.7200000286
29.7186660332 27.5369540162 -3.12818911626 -1.51777903703 -0.0203448263444 10.7599999905
29.35438791 27.5330207165 -3.13215166854 -1.51784773832 -0.0143304035747 10.8399999142
29.172240852 27.5320128788 -3.13605961066 -1.51789215029 -0.00839864813751 10.879999876
28.9900910433 27.5318957976 -3.14094987938 -1.51791507182 -0.000975676795192 10.9199998379
28.8079435209 27.5328158738 3.1365414269 -1.51789602071 0.00766730210237 10.9600000381
28.6258055077 27.5348920834 3.13019404638 -1.51781677642 0.0173017465858 11.0
28.443676983 27.5376790115 3.12629186172 -1.51773770606 0.0232244011693 11.0399999619
28.2615545423 27.5408386158 3.12424560228 -1.51768700542 0.026330035488 11.0799999237
28.0794341476 27.5441140254 3.12360973317 -1.51766995615 0.0272950803854 11.1199998856
27.8973123409 27.5473099635 3.12404610006 -1.51768172232 0.0266328168889 11.1599998474
27.7152261164 27.5502773787 3.12529733738 -1.51738520391 0.024728460525 11.1999998093
27.5332288785 27.5529028987 3.12716750118 -1.51664364985 0.0218793334087 11.2400000095
27.3513612089 27.5551009289 3.12950736594 -1.51556391258 0.018316917598 11.2799999714
27.1696539495 27.5568071655 3.13220289945 -1.51422716185 0.0142186386379 11.3199999332
26.8061274276 27.5579347298 3.14099267649 -1.51535973728 0.000909181249408 11.3999998569
26.6239845422 27.5569680001 -3.1362851687 -1.51785737875 -0.00805608074768 11.4399998188
26.4418475242 27.5548062467 -3.12972438031 -1.51780848297 -0.0180146116917 11.4800000191
26.2597302219 27.551363185 -3.12268916951 -1.51764418623 -0.0286921804321 11.5199999809
26.0776430959 27.5465835366 -3.11534944122 -1.51739271652 -0.0398304035432 11.5599999428
25.8955973519 27.540426136 -3.10778217291 -1.51704786661 -0.0513116713631 11.5999999046
25.713604464 27.5328660266 -3.1000758375 -1.51660739888 -0.0630009117099 11.6399998665
25.5316667847 27.5240769798 -3.09332217141 -1.51614732737 -0.0732420570135 11.6799998283
25.349765438 27.5145655902 -3.08935150426 -1.51584455638 -0.0792615802081 11.7200000286
25.1678821286 27.5047152973 -3.08748829692 -1.51569424455 -0.0820857736979 11.7599999905
24.9860014439 27.4948166603 -3.08722249731 -1.51567237264 -0.0824886417325 11.7999999523
24.8041114751 27.4850901118 -3.08816863474 -1.51574973982 -0.0810545706622 11.8399999142
24.6222036692 27.4757030653 -3.09003506666 -1.51589838247 -0.0782253874281 11.879999876
24.2583143264 27.4584260937 -3.09569841762 -1.51631708787 -0.0696391142813 11.9600000381
24.0763281266 27.4507066637 -3.09920039937 -1.51655166433 -0.0643285833438 12.0
23.8943042467 27.4439336563 -3.10440036813 -1.51686566596 -0.0564417278955 12.0399999619
23.7122403027 27.4383401974 -3.11087981703 -1.51719953332 -0.0466121582968 12.0799999237
23.5301397947 27.4341009226 -3.11831699535 -1.51750423387 -0.0353272897489 12.1199998856
23.3480107923 27.4313453871 -3.12646422706 -1.5177416866 -0.0229627954498 12.1599998474
23.1658647492 27.4301683285 -3.13513057402 -1.51788369259 -0.00980882173337 12.1999998093
22.9837155072 27.430637533 3.139016725 -1.5179103494 0.00391003731399 12.2400000095
22.8015784962 27.4327998727 3.12972116141 -1.51780842497 0.0180194973653 12.2799999714
22.6194701084 27.436685945 3.12025655428 -1.51756989884 0.0323839362575 12.3199999332
22.4373848551 27.4415364107 3.11496051943 -1.51737711085 0.0404205476074 12.3599998951
22.2552995207 27.4463838327 3.11497723537 -1.51737778631 0.040395183217 12.3999998569
22.0731960627 27.4504944344 3.11902359418 -1.51752881725 0.0342550143028 12.4399998188
21.7089215919 27.4544265768 3.13548459255 -1.51788706997 0.00927146217637 12.5199999809
21.5267739872 27.4535229309 -3.13663163021 -1.51789670615 -0.00753038282606 12.5599999428
21.3446510928 27.4503895894 -3.12438980608 -1.51769078654 -0.0261111789816 12.5999999046
21.1625842291 27.4448919876 -3.11140631579 -1.51722386428 -0.0458133482002 12.6399998665
20.9805917779 27.4373213721 -3.10001810944 -1.51660375943 -0.0630884624078 12.6799998283
20.79864859 27.4286471085 -3.09395305476 -1.51619323284 -0.0722855303963 12.7200000286
20.6167226115 27.4196191056 -3.09200873417 -1.51604982079 -0.0752333576264 12.7599999905
20.4348273533 27.4099919799 -3.08871523647 -1.51579381796 -0.0802260471649 12.7999999523
20.2530532895 27.4002113305 -3.0878378617 -1.51478386516 -0.0815054119628 12.8399999142
20.0715820106 27.3906222733 -3.0888011181 -1.51226065746 -0.0799088098162 12.879999876
19.8905484445 27.3814838367 -3.09115622572 -1.50861305137 -0.0761536383553 12.9199998379
19.7100577608 27.3729851237 -3.094540694 -1.50408903088 -0.0708226084311 12.9600000381
19.5301976629 27.3652577313 -3.09865570885 -1.49883414895 -0.0643949363239 13.0
19.1689798865 27.3525185476 -3.1090101953 -1.50898026305 -0.0491836924542 13.0799999237
18.9868980101 27.3475429288 -3.11427318076 -1.51734896982 -0.0414634899425 13.1199998856
18.8047940741 27.3434535557 -3.11914016825 -1.51753280019 -0.0340781095599 13.1599998474
18.6226738956 27.3401661416 -3.12354381816 -1.51766815369 -0.0273951175564 13.1999998093
18.4405426509 27.3375630317 -3.1273011319 -1.51776037275 -0.021692582193 13.2400000095
18.2584042922 27.335517364 -3.13036173142 -1.51781965632 -0.0170472311769 13.2799999714
18.0762615232 27.3339116874 -3.13277739856 -1.51785640814 -0.0133806379356 13.3199999332
17.894120834 27.3320852607 -3.13156542938 -1.51783907646 -0.0152202228444 13.3599998951
17.7119925586 27.3292820847 -3.12620265094 -1.51773562815 -0.0233597996412 13.3999998569
17.5298938024 27.3249682166 -3.11790736586 -1.51748963545 -0.035948901253 13.4399998188
17.3478492555 27.3187755242 -3.1075883099 -1.51703789067 -0.0516057698627 13.4800000191
17.1659666607 27.3104660576 -3.09593851825 -1.51568829009 -0.06924555452 13.5199999809
16.9849494886 27.2999407962 -3.08351294818 -1.50847643365 -0.0877105122955 13.5599999428
16.6272208027 27.2723329129 -3.05824201493 -1.48368046199 -0.123952894287 13.6399998665
16.4507957823 27.2556264152 -3.04717957931 -1.470208503 -0.139220814122 13.6799998283
16.2754945264 27.2377135438 -3.03976272844 -1.46084379925 -0.149273928819 13.7200000286
16.1010210581 27.2189322201 -3.03435984303 -1.45394556916 -0.156511030458 13.7599999905
15.9271698136 27.1994821185 -3.03017811815 -1.44876037056 -0.162084180356 13.7999999523
15.7537759017 27.1795054651 -3.02688870978 -1.44494926608 -0.166472111512 13.8399999142
15.5806921559 27.159136299 -3.02444759438 -1.44236454844 -0.169743051024 13.879999876
15.4077813763 27.1385289074 -3.0229728222 -1.44092316358 -0.17172826285 13.9199998379
15.2349165433 27.1178730181 -3.02266497577 -1.44054027478 -0.172132410967 13.9600000381
15.061989263 27.0973988424 -3.02374367474 -1.44106066939 -0.170618130565 14.0
14.8887534474 27.0770623987 -3.02473580697 -1.44363179601 -0.169470364668 14.0399999619
14.7149742847 27.0572798246 -3.02824316891 -1.44815968985 -0.164854783952 14.0799999237
14.5404981799 27.0385708559 -3.03477141745 -1.45396753926 -0.155908072177 14.1199998856
14.1892221814 27.0063326126 -3.05598922204 -1.46690951002 -0.125880119117 14.1999998093
14.0124449601 26.9936403117 -3.06991736425 -1.47314351091 -0.105769173767 14.2400000095
13.8349857852 26.9836689345 -3.08546198061 -1.47882645769 -0.0830948102483 14.2799999714
13.6569314433 26.976628322 -3.10207131181 -1.48378618206 -0.0586717712033 14.3199999332
13.4785443565 26.9725078249 -3.11849813167 -1.48655905648 -0.0343374756425 14.3599998951
13.3001227908 26.971088645 -3.13363873879 -1.48684638125 -0.0118264988381 14.3999998569
13.1218972646 26.9720136871 3.13640241085 -1.48521271799 0.00770868374713 14.4399998188
12.9440363001 26.9748222722 3.12580306331 -1.48217470404 0.0234048763644 14.4800000191
12.7666550295 26.9790093897 3.11799185253 -1.47817725529 0.0348926459496 14.5199999809
12.589829835 26.9841017644 3.11280169119 -1.47354328727 0.042436455495 14.5599999428
12.4136131642 26.9897071363 3.10979383237 -1.46847225718 0.0467114321561 14.5999999046
12.238042594 26.9955199284 3.10849673317 -1.46308808511 0.0484399341886 14.6399998665
11.8879183705 27.0072579077 3.10797277305 -1.45874484278 0.0490613133535 14.7200000286
11.7125391143 27.0131804539 3.10783554662 -1.46149380199 0.049354551233 14.7599999905
11.5365612831 27.0191388791 3.10774663038 -1.46648192685 0.0496535430409 14.7999999523
11.3597808794 27.0251360736 3.10768111512 -1.47317003109 0.0499766212295 14.8399999142
11.1820431084 27.0311768891 3.10761849539 -1.48114809161 0.0503401293266 14.879999876
11.0032306003 27.0372679579 3.10754182243 -1.49010423418 0.0507589068306 14.9199998379
10.8232544615 27.0434175641 3.10743693354 -1.49980115633 0.0512467183424 14.9600000381
10.6420474773 27.0496355607 3.10729178031 -1.51005820198 0.0518166382456 15.0
10.4600115374 27.0560762971 3.10622573251 -1.51696616555 0.0536728028466 15.0399999619
10.2779872586 27.0628385772 3.10445930131 -1.51686898961 0.0563523340802 15.0799999237
10.0959790231 27.0700197105 3.10215811635 -1.51673529633 0.0598427778992 15.1199998856
9.9139908514 27.0776925102 3.09945662811 -1.51656809737 0.0639399971143 15.1599998474
9.73202648415 27.0859105111 3.09646062854 -1.51636972709 0.0684833407217 15.1999998093
9.36818288114 27.1041238387 3.08989937695 -1.51588775413 0.0784310785192 15.2799999714
9.18630989649 27.1141629594 3.08645008594 -1.51560820534 0.0836593395828 15.3199999332
9.00447425796 27.1248572124 3.0828475781 -1.51529698775 0.0891187753474 15.3599998951
8.82268017662 27.1362360734 3.07908217033 -1.51495067786 0.0948238411407 15.3999998569
8.64093171121 27.1483216767 3.07519408911 -1.51457054512 0.100713360846 15.4399998188
8.45923276438 27.1611302367 3.07121576532 -1.51415789024 0.106737999986 15.4800000191
8.27758706927 27.1746730553 3.06717410617 -1.51371412592 0.112856821635 15.5199999809
8.09599816654 27.1889572036 3.0630922887 -1.5132408561 0.119034569076 15.5599999428
7.91446937092 27.2039859376 3.05899122323 -1.51273996352 0.125239450498 15.5999999046
7.73300372523 27.2197588867 3.05489080798 -1.51221371407 0.131441242283 15.6399998665
7.55160071672 27.2362365987 3.05100641634 -1.51169173759 0.137314266196 15.6799998283
7.37025316489 27.253313833 3.04770099432 -1.51122959859 0.142310286119 15.7200000286
7.18895491799 27.2709067906 3.04485677022 -1.51081872417 0.146607980352 15.7599999905
6.82648605613 27.3073819091 3.04021687285 -1.51012221771 0.153616420891 15.8399999142
6.64494898167 27.3223103076 3.05954393596 -1.51280895389 0.124403320776 15.879999876
6.46321156698 27.3345609643 3.07428591942 -1.51447845572 0.102088806187 15.9199998379
6.28134796523 27.34476865 3.08552323409 -1.51553001455 0.0850640477167 15.9600000381
6.09946260839 27.3534170745 3.09407967213 -1.51571130703 0.0720702038225 16.0
5.91751906174 27.3604994074 3.10268630522 -1.51619622211 0.0590194407401 16.0399999619
5.73548971779 27.3660159836 3.11129595458 -1.51691119959 0.0459714684825 16.0799999237
5.55338284076 27.3699722223 3.11987125258 -1.51755730861 0.0329686561011 16.1199998856
5.37124888554 27.3723782246 3.12838335211 -1.51778296009 0.0200500188611 16.1599998474
5.18910112241 27.3732493567 3.13681013292 -1.51789802616 0.00725943403198 16.1999998093
5.00695241693 27.3726047019 -3.1380535006 -1.517905879 -0.00537212355959 16.2400000095
4.82481512113 27.370466486 -3.12985361034 -1.51781079832 -0.017818465106 16.2799999714
4.64270098898 27.366859637 -3.12178981074 -1.5176177679 -0.030057075253 16.3199999332
4.27853598376 27.3569698638 -3.11292023939 -1.51729148345 -0.0435163355618 16.3999998569
4.09646583474 27.3515821626 -3.11200993763 -1.51725124181 -0.0448975104489 16.4399998188
3.91439188325 27.3463245321 -3.11272432947 -1.51728292905 -0.0438135871779 16.4800000191
3.73230806542 27.3414204754 -3.11466620025 -1.51736514859 -0.0408671390372 16.5199999809
3.55021096928 27.3370370904 -3.11752561058 -1.51747580119 -0.0365282083 16.5599999428
3.36809951414 27.3332975188 -3.12106101764 -1.51759545947 -0.0311630965305 16.5999999046
3.18597448731 27.3302906786 -3.12508439491 -1.51770855696 -0.0250570017 16.6399998665
3.0038376362 27.328114913 -3.1296474479 -1.51780709257 -0.0181313803028 16.6799998283
2.82169175262 27.3269134221 -3.13499643819 -1.51788236322 -0.0100124242335 16.7200000286
2.63954194725 27.3267913889 -3.14092269339 -1.51791504473 -0.00101694281879 16.7599999905
2.45739503218 27.3278247416 3.13591953228 -1.51789095893 0.00861127192784 16.7999999523
2.27525898421 27.3300667314 3.12928385121 -1.51780039973 0.018683248727 16.8399999142
2.09314250138 27.3335528709 3.12245262979 -1.51763735693 0.029051162757 16.879999876
1.72900455741 27.3443322284 3.10849521163 -1.51708406816 0.0502299445417 16.9600000381
1.5470012278 27.3516366447 3.10148075895 -1.51669441344 0.0608701359692 17.0
1.36502563973 27.3596023107 3.09784731271 -1.51646323392 0.0663805496561 17.0399999619
1.18305853535 27.3677594799 3.09679493136 -1.51639253653 0.0679764102284 17.0799999237
1.00108407949 27.3757509693 3.09770540596 -1.5164537988 0.066595745356 17.1199998856
0.819091008537 27.38330667 3.10010006223 -1.51660892461 0.0629641722866 17.1599998474
0.63707255745 27.390224036 3.10360728128 -1.51682042572 0.0576447162318 17.1999998093
0.455025859096 27.3963531555 3.10793752382 -1.51705581962 0.0510759959782 17.2400000095
0.272951174416 27.4015853334 3.11286412123 -1.517289039 0.0436014830994 17.2799999714
0.0908511274206 27.4058443676 3.11820848721 -1.51750039163 0.0354919511024 17.3199999332
