29.936510556 0.030810863163 1.50669200721
29.9476538606 0.179750749844 1.49611799678
29.9602595543 0.327890546503 1.48590759234
29.9743785222 0.475206745281 1.4752469264
29.9900925343 0.621658289676 1.46390690802
30.0074691661 0.767242613812 1.45200048363
30.0267225015 0.911288635982 1.43792286515
30.047949457 1.05338919449 1.4225129696
30.0711760831 1.1933071054 1.40629460944
30.1235134931 1.46610987326 1.37276420482
30.1524597643 1.59887817669 1.35613449271
30.1829729923 1.72933667914 1.34103443554
30.2148721639 1.85749907491 1.32685652193
30.2475661308 1.98455431274 1.31893937079
30.2805435844 2.1119142347 1.31742968128
30.3135426122 2.24059092373 1.3197571438
30.346372234 2.37134288324 1.32479843149
30.3788483016 2.50474721162 1.33200041292
30.4107667117 2.64124171719 1.34108022595
30.4418880461 2.78115516049 1.3519267528
30.4719322216 2.92472971429 1.36451455453
30.5007105891 3.07172991634 1.37747045977
30.5537521322 3.37223226362 1.40248112036
30.577478824 3.52432933507 1.41604653308
30.599138212 3.6769388698 1.42981109428
30.6187698997 3.82965400479 1.44294647643
30.6365851175 3.98216801439 1.45451292917
30.6529208061 4.13427539247 1.46381062055
30.6681333076 4.28586237992 1.470776271
30.6825124499 4.43684673551 1.47584672218
30.6962524871 4.58717992882 1.47965232458
30.7094521636 4.73683315034 1.48282223526
30.7221347066 4.88578799849 1.48585764395
30.7342649004 5.03403060419 1.48915158635
30.7457616264 5.18154782322 1.49301873506
30.766355146 5.4743423116 1.50345534996
30.7747789127 5.6198074625 1.5129517555
30.781129653 5.76498078256 1.52707828175
30.7848450595 5.91004448346 1.54518968346
30.7854432807 6.05511695194 1.56667274734
30.7825228319 6.20026490764 1.59091410816
30.7757708291 6.34551454201 1.61724839262
30.7649802167 6.49086341121 1.64489978357
30.7500731952 6.63629458106 1.67294183139
30.7314757877 6.78189542619 1.69783713867
30.710378079 6.92794832505 1.71425649621
30.6878339368 7.07468802047 1.7232379731
30.6418377239 7.37097836202 1.7236853897
30.6196634549 7.52080881835 1.71772554267
30.5986385452 7.67189486984 1.70906685828
30.5790687673 7.82430469558 1.69849990089
30.561173469 7.9780883214 1.68664203862
30.5444468896 8.13275059675 1.6785266743
30.5284962887 8.28791632908 1.67323369807
30.5130167978 8.44330165281 1.67008875905
30.497771929 8.59869225592 1.66859013593
30.4825784251 8.75392678999 1.66836009384
30.4672944553 8.90888419845 1.66911168792
30.4518104018 9.06347400487 1.67062556047
30.4360416594 9.21762883623 1.67273335904
30.4034480109 9.52555107799 1.67744144571
30.3865581848 9.67982960059 1.67983828447
30.3692421203 9.83456294218 1.68224170735
30.3514826569 9.98988092642 1.68464449423
30.3332944994 10.1456338881 1.68704549852
30.3147338794 10.3013429036 1.68943720166
30.2958055871 10.457007652 1.69179881506
30.276602968 10.6126387978 1.69356129647
30.2252938369 10.737113251 1.96178073191
30.1512332468 10.8390710925 2.19901138351
30.0630093517 10.9256255585 2.36574589164
29.9671996127 11.0020572049 2.46822882308
29.7668655654 11.1374141646 2.56564017027
29.6656902576 11.2001703016 2.58640100007
29.5648997726 11.2612593018 2.59670074572
29.4642726712 11.3212395885 2.60407160723
29.3636733571 11.3806600777 2.60806543434
29.2628939924 11.4400047662 2.60940642837
29.161605512 11.4996853963 2.60914149773
29.0593492379 11.5600393881 2.60839323661
28.9555482831 11.6213157186 2.60831726961
28.8495378244 11.6836446022 2.61008032584
28.7406171577 11.7469982926 2.61477518927
28.6285037725 11.8112618852 2.62111082949
28.5131676809 11.8761825327 2.62891280965
28.2730822019 12.0065231233 2.6498828802
28.1485489826 12.0710702572 2.66340253965
28.0211674657 12.1345454646 2.67929969567
27.8910234537 12.1963919165 2.69796850219
27.7581807708 12.255985302 2.7199025889
27.6228321336 12.3126736874 2.74495765285
27.4854139209 12.3657402292 2.77306682617
27.3463086686 12.4142645595 2.80595895956
27.2059456728 12.4573672745 2.84365286855
27.0648532444 12.4943974707 2.88492786198
26.9236622763 12.5252695847 2.92632559848
26.7830081856 12.55072448 2.96255532854
26.6434032399 12.5719880959 2.99044159964
26.3672232156 12.6059702648 3.02754900737
26.2284234952 12.6199645715 3.04110848478
26.088100441 12.6325717896 3.05198899041
25.9456993101 12.6441188535 3.06068139485
25.8007984202 12.654856448 3.06762482142
25.653077437 12.6649763221 3.07319284426
25.5022928798 12.6746248591 3.07769088144
25.3482596293 12.6839134856 3.08136285375
25.1916993808 12.6924539968 3.08709571205
25.0350532146 12.6996493247 3.09569128242
24.8783382493 12.7051460323 3.10653247157
24.7215666125 12.7086742087 3.11909125611
24.5647611079 12.7100261928 3.1329708225
24.2515338218 12.705605722 -3.11962902099
24.0957664845 12.6996393017 -3.10330795844
23.9405917767 12.6912756504 -3.08774646547
23.785399147 12.6809899547 -3.0754124821
23.629724402 12.6691523803 -3.0656982775
23.4734595209 12.656072584 -3.05808458914
23.3172752308 12.6420632424 -3.05213454885
23.1611577995 12.6273275111 -3.04748271224
23.0050947049 12.6120270324 -3.04386463376
22.8490749702 12.5962905615 -3.04107055484
22.6930892014 12.5802208988 -3.03893474945
22.5370689077 12.5644899711 -3.04110608388
22.3809654681 12.5496067497 -3.04653793169
22.068405505 12.5238568799 -3.06432406763
21.9120025998 12.5135358237 -3.07569801064
21.7561466556 12.5052186346 -3.08827863064
21.6012986292 12.4990640749 -3.1018677565
21.4478088977 12.4951887176 -3.11634970061
21.2955136245 12.4933219667 -3.12933582242
21.1440732221 12.4930765696 -3.13997223485
20.9932295958 12.4941488371 3.1344843024
20.842786585 12.4962997914 3.12729615919
20.6925951034 12.4993405493 3.12134954454
20.542541849 12.5031209807 3.11640405
20.3925407261 12.5075147216 3.11230963983
20.2425263276 12.5124261985 3.10886430794
19.9416074818 12.5219362889 3.11220086416
19.790077152 12.5251038128 3.12069213377
19.6375374082 12.5265464259 3.13213564276
19.4838321049 12.5259257421 -3.13755453382
19.3288424837 12.5230006433 -3.12272202542
19.1724781775 12.517607734 -3.10711693017
19.015866021 12.509706686 -3.09118561493
18.8594003014 12.4993012675 -3.07518756973
18.7030305762 12.4875410311 -3.06652608583
18.5466974933 12.4753033303 -3.06347229844
18.3903492134 12.4632613408 -3.06472412462
18.233947817 12.4519300853 -3.06926918255
18.0774704347 12.4417015488 -3.07631801072
17.76426252 12.4256593011 -3.09558421801
17.6075454021 12.4202243113 -3.10692629056
17.4507785173 12.4164909555 -3.11778245791
17.2939824259 12.4143046642 -3.12765002543
17.1371729297 12.4135456936 -3.13675261032
16.9803626503 12.414120508 3.13792700223
16.8235520693 12.4146061029 3.13849596593
16.6667417611 12.4151730101 3.13797742771
16.5099323532 12.4159500093 3.13663763912
16.3531247695 12.41703437 3.13467753245
16.1963200787 12.4184776537 3.13238857374
16.0395190497 12.4202752728 3.13012882353
15.8828441944 12.4224223519 3.12788946728
15.5710363487 12.4277354876 3.12344146062
15.4163171903 12.4308878717 3.12122059328
15.2625832403 12.4343621037 3.11899751011
15.109937699 12.4381518278 3.11677079677
14.958458992 12.4422507354 3.11453995617
14.8077365368 12.4464179405 3.11395149178
14.6574582909 12.4504697218 3.1146373221
14.5073871067 12.4542665015 3.11629819112
14.3573427588 12.4577028144 3.11869467446
14.2071882849 12.4606995802 3.1216374177
14.0568196026 12.4631981496 3.12497789395
13.9061576191 12.465155719 3.12860026364
13.755142233 12.4665417983 3.13241451335
13.4516699894 12.4680294336 3.1378097687
13.2990429761 12.4683716574 3.13935043437
13.1457417082 12.4685617577 3.14035261031
12.9917237537 12.4686618137 3.14094301499
12.8369568661 12.4687195143 3.14121983067
12.6814165397 12.4687714131 3.14125898563
12.5250841508 12.468845441 3.14111912475
12.3682729978 12.4690829787 3.14007785385
12.21147885 12.469831634 3.13681792462
12.0551777913 12.4713528529 3.13186034039
11.8997316281 12.4738411676 3.1255864544
11.7454153128 12.477438903 3.11828284529
11.440957839 12.488336419 3.10141826312
11.291096138 12.4957496179 3.09216600881
11.1429444199 12.5045110492 3.08252321475
10.9957862213 12.5137173492 3.07911351518
10.8490771169 12.5226827243 3.08055867806
10.7024034396 12.5308845887 3.08573169966
10.5554508869 12.5379277462 3.09370119643
10.4079806448 12.5435166439 3.10371230459
10.2598112312 12.5474338906 3.11516118976
10.1108046902 12.5495236399 3.12756902575
9.96085609976 12.5496787583 3.14055817691
9.80995383937 12.5484362463 -3.1333589538
9.65812309657 12.546516999 -3.12895262404
9.35174793006 12.5427293064 -3.13023597954
9.19722904447 12.5416004589 -3.13428722065
9.04183474944 12.5413238602 -3.13981267576
8.88557154732 12.542070753 3.13681298013
8.72877155206 12.5439563881 3.12956749861
8.57198721862 12.5468661861 3.12303554502
8.41521456171 12.5503487393 3.1193822719
8.25844697225 12.5540523903 3.117971941
8.10167813108 12.5577026739 3.1183123631
7.94490328023 12.5610850214 3.12002144587
7.78811963207 12.5640315116 3.12280151416
7.63132634954 12.5664107312 3.12641957375
7.47455550232 12.5681196877 3.13069210124
7.16137229021 12.5694098876 3.13947325038
7.00485180633 12.5692078707 -3.14030198026
6.84832816351 12.5685390471 -3.13731969219
6.72030011765 12.6053653037 2.86151158036
6.61445398112 12.6708503754 2.58754971494
6.52586687924 12.7582418747 2.36298840796
6.45070203399 12.8623816328 2.19598342083
6.38596966529 12.9793295608 2.07633377139
6.32935271548 13.1059655903 1.99122270803
6.27905015504 13.2398485501 1.93019843899
6.23365365152 13.37910632 1.88592249771
6.19205573752 13.5222946798 1.85352581858
6.15337408815 13.6682866026 1.82980231033
6.08196831746 13.9652578586 1.80088068852
6.04804331902 14.1148945167 1.79374331502
6.01447254528 14.2646877058 1.79126744778
5.9805021816 14.4145300017 1.79373534199
5.94547877322 14.5644548372 1.80028725775
5.908968402 14.7146870805 1.80920072049
5.87089188729 14.8656056604 1.81793700784
5.83161235683 15.0174177568 1.8239817605
5.79203386311 15.1691521859 1.82595156179
5.75274893112 15.3209628846 1.82401734107
5.71417095762 15.4729547729 1.81936328444
5.67665781567 15.6252129691 1.81236360061
5.64035182745 15.777763516 1.80444291299
5.5712944387 16.0836865398 1.78909534869
5.53836814306 16.2370020746 1.78234464679
5.50637136742 16.3905142906 1.77628576101
5.47523360966 16.54408271 1.77084572629
5.44491115955 16.6975098505 1.76591604707
5.41548949644 16.8509429486 1.76025220349
5.38709200034 17.0046426664 1.75349562409
5.35980846333 17.1588078927 1.74595858014
5.33372803649 17.3134352042 1.73789002524
5.30894829012 17.4682762786 1.72948417264
5.28549993153 17.6233245569 1.72089155996
5.26339233879 17.7785696808 1.71224969071
5.24261627333 17.933998601 1.70367788274
5.17192472513 18.2163515212 1.95456622394
5.09674493584 18.3208882867 2.19427306393
5.00341620615 18.4083158009 2.38883026611
4.89639330608 18.4825867644 2.53492336824
4.77907109967 18.5467554429 2.64109871632
4.65403650364 18.6031812183 2.71767370634
4.52326055287 18.6536861388 2.7730441424
4.38824487091 18.6996767797 2.81328788352
4.24999691279 18.7414460873 2.84817988161
4.10928471742 18.7792319613 2.87924860557
3.96669415902 18.8132297469 2.90753323312
3.82267251737 18.8436019962 2.93375135933
3.67756164029 18.8704860924 2.95840380584
3.38505782099 18.9142479968 3.00431309801
3.23801989438 18.9313221756 3.02598948224
3.09046487861 18.9459983195 3.04245652209
2.9422786168 18.9592228001 3.05258615684
2.79337542353 18.9717227085 3.0578424715
2.64369091919 18.9840555761 3.05938592515
2.49317668664 18.9966477587 3.0581259482
2.3417963243 19.0098240936 3.05477023006
2.1895226002 19.0238308558 3.04986666812
2.03633552259 19.0388536115 3.04383720116
1.88231197358 19.0549429705 3.03750975776
1.72769446115 19.0719592321 3.03197986323
1.57267211251 19.0897970016 3.02703069287
1.26199563899 19.1276640736 3.01813655017
1.10658200028 19.1476315999 3.01381279194
0.951259465298 19.1683042028 3.00927561403
0.796119688517 19.189742464 3.00427554917
0.641229218438 19.2120423709 2.99860310759
0.486384710849 19.2349875868 2.99448087629
0.331372023586 19.2584140518 2.99160155469
0.176356488617 19.2820779072 2.99010740482
0.0213332195423 19.3056910429 2.99043458746
