0.11991950353 19.3680237921 0.0728213967662 1.45638819933 0.106244091912 -0.200000047684
0.294737030315 19.3800544033 0.0687097749464 1.45681272321 0.100255093236 -0.160000085831
0.469619494315 19.3911009892 0.0630819646696 1.45735386667 0.0920548832509 -0.120000123978
0.644571279315 19.4009891742 0.0564594181548 1.45793154167 0.0824015413591 -0.0800001621246
0.819588434926 19.4096435672 0.0494085820611 1.45847629675 0.0721199419383 -0.039999961853
0.989058409175 19.420954527 0.066644307287 1.41224978541 0.0942579978271 0.0
1.15999429334 19.4324112809 0.0669236000945 1.42446570137 0.0954729492612 0.039999961853
1.33364148066 19.445540206 0.0754633231273 1.44705989438 0.109407709122 0.0799999237061
1.50831972066 19.459447605 0.0794496463426 1.45565199999 0.115894991854 0.119999885559
1.68311387315 19.4718131836 0.0706259995871 1.4566179374 0.1030464879 0.159999847412
1.85807198819 19.4815887275 0.0558155897314 1.45798429195 0.0814628665797 0.199999809265
2.03314673792 19.4889870572 0.0422329918736 1.45895624781 0.0616527468563 0.240000009537
2.20829238029 19.4944558081 0.0312138779321 1.45954701973 0.045572924132 0.27999997139
2.55867453122 19.501907932 0.0194002276862 1.45998354209 0.0283275670949 0.359999895096
2.73386818714 19.5055254179 0.0206455644336 1.45994713262 0.0301457158144 0.399999856949
2.90903948793 19.5100991094 0.0261038913895 1.45976083997 0.0381140959632 0.439999818802
3.08416513324 19.5161746038 0.0346782946845 1.45938037758 0.0506291196762 0.480000019073
3.23644176522 19.4735842732 -0.272721700548 1.26897193318 -0.354919421536 0.519999980927
3.36823371192 19.3956711268 -0.533911119245 1.09826622248 -0.6492762195 0.55999994278
3.47880904036 19.2991807827 -0.717480962538 0.921461070321 -0.804086200706 0.599999904633
3.57161230623 19.193942095 -0.848107688629 0.773360548948 -0.876989064477 0.639999866486
3.64994321576 19.0833903361 -0.954358373924 0.652757579415 -0.921264657209 0.679999828339
3.71659678804 18.9678528584 -1.04753530988 0.555446435645 -0.962812314144 0.72000002861
3.77415771312 18.846619747 -1.12751492907 0.479674375667 -1.01027592845 0.759999990463
3.82491190192 18.7194162968 -1.19115223341 0.422951573315 -1.06002875206 0.799999952316
3.87069474849 18.5861541368 -1.23987488721 0.381523721404 -1.11051800004 0.839999914169
3.95063539184 18.291060575 -1.32520679421 0.318815822645 -1.27196052797 0.919999837875
3.98770872231 18.1331497878 -1.34019864957 0.308944420614 -1.3159232264 0.960000038147
4.02486579339 17.9742092732 -1.34114108469 0.309642259025 -1.3245042884 1.0
4.06184699639 17.8151060449 -1.34241624897 0.308176691678 -1.32586023587 1.03999996185
4.0976812541 17.6545538816 -1.35120165409 0.298618814249 -1.3379346938 1.07999992371
4.13228818997 17.4922263571 -1.36074888828 0.288391132217 -1.35272937125 1.11999988556
4.16610020941 17.328385456 -1.36728232633 0.281766828675 -1.36534084271 1.15999984741
4.19955864167 17.163303302 -1.3708276133 0.278820268834 -1.3756846167 1.19999980927
4.2330427322 16.9972089731 -1.37186582396 0.279034087759 -1.38411940683 1.24000000954
4.26684016261 16.8302425031 -1.37107448432 0.28164525343 -1.39138725039 1.27999997139
4.30117415503 16.6624820792 -1.36892321522 0.286116603465 -1.39800353208 1.31999993324
4.33588626103 16.4943828786 -1.3671608128 0.289267550016 -1.40082667215 1.3599998951
4.37089658432 16.326717862 -1.36494304992 0.291752694099 -1.39720847163 1.39999985695
4.44061785038 15.9931419888 -1.36500196185 0.289584549971 -1.38723363408 1.48000001907
4.47493182873 15.8272228739 -1.36685992453 0.285949819574 -1.38265929094 1.51999998093
4.51989721752 15.6673579276 -1.29660932542 0.374711573242 -1.3322078858 1.55999994278
4.56765851123 15.5097245267 -1.27659896852 0.398010780974 -1.31361167454 1.59999990463
4.62152380656 15.3565267705 -1.23269122775 0.448877461021 -1.27664796828 1.63999986649
4.67486831992 15.2059807545 -1.23026015725 0.444537611317 -1.25455013291 1.67999982834
4.72922333999 15.0572798175 -1.2203516849 0.452958500605 -1.23917447478 1.72000002861
4.78525423477 14.9126149234 -1.20127282765 0.466924123212 -1.20554078417 1.75999999046
4.83570450837 14.7677765999 -1.23561778791 0.420418946628 -1.20698602982 1.79999995232
4.84069824309 14.6283554077 -1.53499401583 0.0416144560312 -1.16184326779 1.83999991417
4.82914655206 14.4788308789 -1.64789933411 -0.096264091909 -1.24603773988 1.87999987602
4.85280802318 14.3532821675 -1.38451682731 0.197178925955 -1.04623926214 1.91999983788
4.87750676073 14.2339734817 -1.3666643622 0.205822812975 -0.99423904835 1.96000003815
4.94691472615 14.0180362419 -1.27401545936 0.271569310938 -0.888025313871 2.03999996185
4.98832605169 13.9146371349 -1.18985912948 0.345094379488 -0.861659224519 2.07999992371
5.02916652742 13.8129688685 -1.18882247085 0.340337297757 -0.84723555342 2.11999988556
5.07199683121 13.7111262088 -1.1726977848 0.356919198264 -0.848688830784 2.15999984741
5.11731977377 13.6101000378 -1.14908580889 0.37769118804 -0.841884758555 2.19999980927
5.16062345845 13.5080859688 -1.16935995477 0.360864038985 -0.850117241511 2.24000000954
5.20669718197 13.4057181697 -1.14787567567 0.383947695953 -0.853064992644 2.27999997139
5.25074208922 13.3028527582 -1.16623531531 0.367040893808 -0.857211762908 2.31999993324
5.29485972504 13.1992227863 -1.1683136693 0.367646965183 -0.863583098868 2.3599998951
5.33819460331 13.0962602395 -1.17242051248 0.361123985509 -0.858021223112 2.39999985695
5.37759626072 12.993260294 -1.20543119394 0.328347145147 -0.858332879746 2.4399998188
5.44894296334 12.908085389 -0.873516302234 0.594555855114 -0.709790875093 2.48000001907
5.65974226069 12.7847613194 -0.444705955284 0.955487690775 -0.455330293424 2.55999994278
5.78796278579 12.7402899702 -0.33385232624 1.06850437586 -0.370594576065 2.59999990463
5.92449943064 12.7024813115 -0.270143070604 1.13780537375 -0.315072156314 2.63999986649
6.06547620168 12.668933146 -0.233624143089 1.17480642528 -0.279568045585 2.67999982834
6.20889655045 12.6382823854 -0.210545482094 1.19516957309 -0.255423004783 2.72000002861
6.35383418052 12.6097674343 -0.194258468835 1.20781358393 -0.237624592731 2.75999999046
6.49980037884 12.5830579826 -0.180981600221 1.21638498598 -0.222578764513 2.79999995232
6.6463964422 12.558020467 -0.169160345457 1.22163386134 -0.208645963173 2.83999991417
6.79332306064 12.5345557177 -0.158366508799 1.224388487 -0.195539577552 2.87999987602
6.94038393773 12.5125732254 -0.148380236352 1.22550730907 -0.183187435529 2.91999983788
7.0874328529 12.4919814571 -0.139128757936 1.22540762642 -0.171598069605 2.96000003815
7.2343524113 12.4726968788 -0.13051330869 1.22432965334 -0.160704819013 3.0
7.38133544008 12.4547791416 -0.121304923616 1.22485857319 -0.14931447689 3.03999996185
7.67512142736 12.423113582 -0.102671821966 1.22404432332 -0.126118331517 3.11999988556
7.82194316978 12.4093274211 -0.0936227669372 1.22351452021 -0.114884674322 3.15999984741
7.96865046526 12.3968303521 -0.0849785453729 1.22256079568 -0.10414224145 3.19999980927
8.11518087343 12.3855623665 -0.0767475739235 1.22108673475 -0.093899879592 3.24000000954
8.26147790083 12.3754691042 -0.0688824237451 1.219141895 -0.0841105195853 3.27999997139
8.40748942406 12.3665020789 -0.0613361004975 1.21676269353 -0.0747252106973 3.31999993324
8.55285512317 12.3579637308 -0.0586696120073 1.21138082593 -0.0711529008114 3.3599998951
8.69740446145 12.3490334014 -0.0617020708164 1.20457781899 -0.074419411714 3.39999985695
8.84089687437 12.3391144845 -0.0690152423112 1.19577010768 -0.0826576410594 3.4399998188
8.98320087306 12.3278133358 -0.0792492138042 1.18586665578 -0.0941762387506 3.48000001907
9.12426491947 12.3148637269 -0.0915429266818 1.17553372008 -0.107913407675 3.51999998093
9.26405654247 12.3000767527 -0.10538678986 1.16493019169 -0.123224785025 3.55999994278
9.40254835946 12.2833190718 -0.120415830765 1.15409847491 -0.139647340862 3.59999990463
9.67555494018 12.2439137921 -0.150414077962 1.13200592991 -0.171565438663 3.67999982834
9.81011920969 12.2224814264 -0.157945681868 1.12136891259 -0.178603047254 3.72000002861
9.94353529853 12.2009257626 -0.160182968098 1.11180074033 -0.179630531992 3.75999999046
10.0759886931 12.1797719436 -0.158370186049 1.10377828808 -0.176281824635 3.79999995232
10.2074973071 12.1593989035 -0.153696138677 1.09590511688 -0.169775334318 3.83999991417
10.3381159502 12.1400989879 -0.146696311204 1.08848869196 -0.160832630211 3.87999987602
10.4678663973 12.1220997476 -0.137842280121 1.08125372594 -0.149993669112 3.91999983788
10.5968019953 12.1055871927 -0.127374879479 1.07446331666 -0.137604623951 3.96000003815
10.7249727724 12.0907048546 -0.115595704043 1.06808980902 -0.124019484116 4.0
10.8522200957 12.0772394777 -0.10542815334 1.06039436115 -0.112211474792 4.03999996185
10.9788227043 12.0649312826 -0.0969145613864 1.05502173804 -0.10256829216 4.07999992371
11.1040021581 12.0535877242 -0.0903715446936 1.04316211497 -0.0945296536529 4.11999988556
11.2279660795 12.0431565465 -0.0839491165049 1.03303267875 -0.0869264801683 4.15999984741
11.472583771 12.0248782015 -0.0714664985516 1.01528073577 -0.0726823421148 4.24000000954
11.5936367472 12.0169269598 -0.0655897648763 1.0087748017 -0.0662603470378 4.27999997139
11.7141089332 12.0096544334 -0.0602936819452 1.00393488309 -0.0606043872826 4.31999993324
11.8359146013 12.0033384943 -0.0518061907955 1.01504723415 -0.05263282586 4.3599998951
11.9596552861 11.9981610929 -0.0418163458633 1.0311723734 -0.0431450114293 4.39999985695
12.0852040113 11.9940611761 -0.0326443800091 1.04623937645 -0.0341659730338 4.4399998188
12.2123642591 11.9908539988 -0.0252161942385 1.05966873173 -0.0267264775423 4.48000001907
12.3410279428 11.9882810989 -0.0199944301484 1.07219736441 -0.0214408325698 4.51999998093
12.4712074507 11.9860563022 -0.0170885586229 1.08482923294 -0.0185399726518 4.55999994278
12.6030291576 11.9839209731 -0.016197198668 1.09851422362 -0.0177944092634 4.59999990463
12.7367100556 11.9817071658 -0.0165588721508 1.11400748335 -0.0184483936828 4.63999986649
12.8723930219 11.9792620961 -0.0180185118806 1.13069138558 -0.0203755813034 4.67999982834
13.0100990757 11.9764650912 -0.0203086229785 1.14755044842 -0.0233083739303 4.72000002861
13.2937986253 11.9611279121 -0.086817082526 1.19813306391 -0.104280543468 4.79999995232
13.4422993981 11.9454436488 -0.105227270871 1.2375064404 -0.130702194044 4.83999991417
13.5942119926 11.9286116222 -0.110350615968 1.26593828788 -0.140266887976 4.87999987602
13.7485471809 11.9163199599 -0.079474891091 1.28612656877 -0.102430519053 4.91999983788
13.9041116389 11.9090885883 -0.0464512903062 1.29637048301 -0.0602614303657 4.96000003815
14.0604763411 11.9064268269 -0.0170211326919 1.30303918544 -0.0221813450383 5.0
14.2171909846 11.9076309641 0.00768347807652 1.30595536205 0.0100344768586 5.03999996185
14.374051751 11.911922397 0.0273514073305 1.30717305374 0.035761940919 5.07999992371
14.5311736821 11.9184695863 0.0416453881108 1.30934942545 0.0545599104249 5.11999988556
14.6888210762 11.9265074562 0.0509422671056 1.31372828415 0.0669822493863 5.15999984741
14.8473085455 11.9354011173 0.0560570709493 1.32072891132 0.0741138422155 5.19999980927
15.0069212722 11.9446577225 0.0579292680664 1.33010605569 0.0771383765574 5.24000000954
15.1678711793 11.9539060537 0.0573978135119 1.34124922604 0.0770694268505 5.27999997139
15.4941947231 11.9713216978 0.0514801388632 1.36598149814 0.0703831047421 5.3599998951
15.6596427625 11.9790431052 0.046635843181 1.37873366218 0.064345061688 5.39999985695
15.826547376 11.9859137933 0.0411421285473 1.39087177863 0.0572557342672 5.4399998188
15.9947404419 11.9918657791 0.0353730580858 1.40160888232 0.0495998814713 5.48000001907
16.1639957607 11.9968705887 0.0295609720892 1.4104609905 0.0417067471761 5.51999998093
16.334068699 12.0009270893 0.0238470131253 1.41727448539 0.0338041714173 5.55999994278
16.5047295073 12.0040536461 0.0183182486134 1.42217340311 0.0260546403177 5.59999990463
16.6757846299 12.0062818121 0.013025274541 1.42545935463 0.0185680495243 5.63999986649
16.8472175101 12.00777067 0.00868456796349 1.4286073349 0.0124071494175 5.67999982834
17.0192817485 12.0088880781 0.00649404178963 1.43386865308 0.00931173385425 5.72000002861
17.192162608 12.0099078178 0.00589844283323 1.44067382983 0.00849783077795 5.75999999046
17.3659957266 12.0110322263 0.00646823122803 1.44860932155 0.0093700707263 5.79999995232
17.5408790562 12.0124084436 0.00786918332073 1.45736107996 0.0114684782285 5.83999991417
17.8913190898 12.0163063611 0.0124054859341 1.46014596875 0.0181147495496 5.91999983788
18.0665290684 12.0190205223 0.0154896664711 1.46008315511 0.022618010033 5.96000003815
18.2417286326 12.0223395587 0.0189420528792 1.45999636782 0.0276586364673 6.0
18.4169080123 12.0265925808 0.0242733294572 1.45982816435 0.0354418509723 6.03999996185
18.5920551069 12.0320146207 0.0309471810027 1.45955912198 0.0451836658074 6.07999992371
18.7671565962 12.0387504745 0.0384493251073 1.45917907741 0.0561321144453 6.11999988556
18.9421992809 12.0468721628 0.0463650778055 1.4586890389 0.0676807359549 6.15999984741
19.1171713156 12.0563953112 0.0543730416973 1.45810028902 0.0793595701752 6.19999980927
19.2920631539 12.0672924749 0.0622275722328 1.45743198573 0.0908096976815 6.24000000954
19.4668684111 12.0795000672 0.0697221867902 1.45671047718 0.101729936059 6.27999997139
19.6415843982 12.0929249378 0.0766875621581 1.45596655865 0.111873921512 6.31999993324
19.8161467894 12.1067265932 0.0789001789982 1.45468659343 0.115013794473 6.3599998951
19.9901820384 12.1199320053 0.0757326820119 1.45029374188 0.110045100924 6.39999985695
20.3358909398 12.1424185346 0.0606573118535 1.43682904043 0.0872612338071 6.48000001907
20.5073696053 12.1511359277 0.0507928788329 1.42898887867 0.0726449423451 6.51999998093
20.6778647721 12.1579737479 0.0400841724091 1.42079305734 0.0569818354858 6.55999994278
20.8473480237 12.1628572199 0.0288059206545 1.4123604301 0.0406955992538 6.59999990463
21.0157941513 12.1657479206 0.017159296555 1.40371772986 0.0240891731363 6.63999986649
21.183368356 12.1669486866 0.00716545474362 1.39645170532 0.0100063827517 6.67999982834
21.3505353016 12.1672791032 0.00197656438891 1.39305788004 0.00275347218314 6.72000002861
21.5175813559 12.1672085171 -0.00042255461859 1.39205045249 -0.00058821738302 6.75999999046
21.6846884903 12.1669975386 -0.00126253411806 1.39255945336 -0.00175815475546 6.79999995232
21.8519769128 12.1667792734 -0.00130472268667 1.39407018798 -0.00181887603315 6.83999991417
22.019531984 12.1666135896 -0.000988831864687 1.39629226017 -0.00138069872928 6.87999987602
22.1874206354 12.1665247967 -0.000528879841156 1.39907209461 -0.000739941096154 6.91999983788
22.3556972022 12.1665287518 2.35036243478e-05 1.40230472363 3.29592434515e-05 6.96000003815
22.6931475755 12.1664572151 -0.00106625078192 1.40618195342 -0.00149934317555 7.03999996185
22.8617460809 12.1660714781 -0.00228789885726 1.40498754551 -0.00321447500855 7.07999992371
23.0278506248 12.1703109248 0.025517221908 1.38420453213 0.0353287223925 7.11999988556
23.1919301926 12.1774741376 0.0436292419154 1.36732973172 0.0596934401523 7.15999984741
23.3538583148 12.1866429705 0.0565624589838 1.34940101863 0.0764069403613 7.19999980927
23.5137510158 12.197148989 0.0656123641013 1.33243917513 0.0875501543288 7.24000000954
23.6718982758 12.2085003092 0.0716540177887 1.31789383298 0.0945943354368 7.27999997139
23.8286287852 12.2203420846 0.0754117310971 1.30608757818 0.0986814610224 7.31999993324
23.9845278848 12.2320091985 0.074698351091 1.29915916346 0.0972259498194 7.3599998951
24.1401745207 12.2428194673 0.0693425623079 1.29705529936 0.0900855731037 7.39999985695
24.2957379467 12.252420034 0.0616366336099 1.29636188344 0.0800047227413 7.4399998188
24.4516639573 12.2605333162 0.0519860152752 1.29938342175 0.0676106843778 7.48000001907
24.6083862838 12.2668765051 0.0404519816521 1.30601938726 0.0528599080993 7.51999998093
24.9244631006 12.2736977136 0.0149305324476 1.3208224938 0.0197220486079 7.59999990463
25.0839270646 12.2737635071 0.000412591657607 1.32886636718 0.000548279208285 7.63999986649
25.2442464307 12.2718513225 -0.0119267805239 1.33599471739 -0.0159348713509 7.67999982834
25.4051087234 12.2690578554 -0.0173638352506 1.34051910577 -0.0232788925002 7.72000002861
25.5661996465 12.2662336078 -0.0175302137011 1.34242435904 -0.0235353968159 7.75999999046
25.7272484372 12.2640158442 -0.0137698858545 1.34207325581 -0.0184813636379 7.79999995232
25.8880366527 12.262875356 -0.00709298898972 1.33990179595 -0.00950406807132 7.83999991417
26.0484010555 12.2631499172 0.0017121063057 1.33637002354 0.00228800977967 7.87999987602
26.2066833054 12.2581240693 -0.0317417771484 1.31901874902 -0.041882066089 7.91999983788
26.3638423526 12.2500060081 -0.0516091977767 1.30965872665 -0.0676505094986 7.96000003815
26.5230400035 12.2431339395 -0.0431401151553 1.32664709069 -0.0572672387759 8.0
26.6846305249 12.23897798 -0.025713410668 1.34658767832 -0.0346329951849 8.03999996185
27.0125977979 12.2385912223 0.00610607634922 1.37116567458 0.00837254635113 8.11999988556
27.1775910882 12.241555987 0.0179670678029 1.37494408561 0.024706372202 8.15999984741
27.3424980394 12.2460876187 0.0274730174931 1.37422459319 0.0377635976681 8.19999980927
27.5068944452 12.2518636195 0.0351201461804 1.36997004828 0.048133339602 8.24000000954
27.6704524324 12.2586317314 0.0413569086913 1.36298322727 0.0564009324821 8.27999997139
27.8329200314 12.2662014667 0.046558606148 1.35389665778 0.0630811282436 8.31999993324
27.9948241117 12.2744464781 0.0508813301121 1.34920066941 0.0687084281905 8.3599998951
28.1569229089 12.2832893921 0.0544985994538 1.35082330994 0.0736909493823 8.39999985695
28.282481102 12.2459619476 -0.288970529018 1.04631827589 -0.311062037101 8.4399998188
28.3806202493 12.1734098388 -0.63660361527 0.817826227181 -0.60460090709 8.48000001907
28.4583444568 12.0739626367 -0.907399283421 0.647701729787 -0.828726684013 8.51999998093
28.5210311751 11.9539533855 -1.08942975009 0.522389319098 -1.00007709301 8.55999994278
28.6168332755 11.6703636893 -1.28134802393 0.366892623962 -1.23196026558 8.63999986649
28.6552518796 11.5133802272 -1.33078353191 0.320155034227 -1.30819551759 8.67999982834
28.6891319379 11.3497692123 -1.36660542874 0.282333818905 -1.36342512398 8.72000002861
28.719298442 11.1814478026 -1.39345935153 0.251387534367 -1.40267841473 8.75999999046
28.7463879756 11.0098740966 -1.41420042964 0.225746113261 -1.42978088291 8.79999995232
28.7708634109 10.8363608224 -1.43066287549 0.203961960662 -1.44594395217 8.83999991417
28.7930083996 10.662534752 -1.44408151977 0.184541572965 -1.44855058664 8.87999987602
28.8131969614 10.4884706108 -1.45532878287 0.168238014681 -1.45053450998 8.91999983788
28.8317106005 10.3142203641 -1.4649460129 0.154280325474 -1.45208538846 8.96000003815
28.8487612159 10.1398208808 -1.47333847622 0.142088461955 -1.45332902785 9.0
28.8646732409 9.96531951879 -1.47986212671 0.132600208017 -1.45417801671 9.03999996185
28.8796920216 9.79079141369 -1.48495415216 0.125156506155 -1.4544008759 9.07999992371
28.8940066142 9.61629375207 -1.4889464511 0.119288271687 -1.45414718011 9.11999988556
28.9210717775 9.26755349173 -1.49459306111 0.110910531219 -1.45263806679 9.19999980927
28.9340207918 9.0933693281 -1.49659188535 0.107908452902 -1.45153469687 9.24000000954
28.9466762317 8.91933686645 -1.4982052552 0.105461998531 -1.4502705138 9.27999997139
28.9590896337 8.74547085654 -1.49952089969 0.103445016975 -1.44888341588 9.31999993324
28.971496556 8.57182812455 -1.49946668782 0.103391019355 -1.44702276655 9.3599998951
28.9841738008 8.39847436788 -1.4977969389 0.105643706378 -1.44461463896 9.39999985695
28.997330834 8.22545922986 -1.49489684804 0.109641943416 -1.44179281685 9.4399998188
29.0111252513 8.05282014463 -1.49106251481 0.114953477844 -1.43865904359 9.48000001907
29.0256746617 7.88058526022 -1.48652216754 0.121245086259 -1.43529070342 9.51999998093
29.0410658184 7.70877566262 -1.4814521781 0.1282596393 -1.43174664663 9.55999994278
29.0573616356 7.53740706825 -1.47598920314 0.135798476581 -1.42807161977 9.59999990463
29.0746065788 7.3664911114 -1.47023942642 0.143707860341 -1.42429964044 9.63999986649
29.0927678258 7.19592290959 -1.46472099134 0.151343725161 -1.42140168174 9.67999982834
29.1312551574 6.85467650587 -1.45669472663 0.16303592586 -1.42265997736 9.75999999046
29.1513665333 6.68358853399 -1.45378340482 0.167594798992 -1.42573309905 9.79999995232
29.1719509578 6.51199770632 -1.45140459959 0.171536870494 -1.42992356392 9.83999991417
29.1929499884 6.33980245623 -1.44944655871 0.174991921679 -1.43496041737 9.87999987602
29.2143172105 6.16692605895 -1.44782174291 0.178060184515 -1.44063664402 9.91999983788
29.2360155342 5.99331086782 -1.446461608 0.180819364319 -1.44679325937 9.96000003815
29.2579465219 5.81945766809 -1.44531254564 0.182758230339 -1.44877666445 10.0
29.2796528468 5.64557627537 -1.44660469585 0.180886041218 -1.449011606 10.0399999619
29.3008120862 5.47162746145 -1.44975039778 0.176326995157 -1.44957344933 10.0799999237
29.3211801397 5.29758423212 -1.45429753978 0.169733778649 -1.45036024442 10.1199998856
29.340573157 5.12342966239 -1.45989799789 0.161608477463 -1.45128808106 10.1599998474
29.3588538032 4.9491548184 -1.46628303421 0.152338719046 -1.45229036659 10.1999998093
29.391700883 4.60023790611 -1.48062108251 0.131500764481 -1.45432525357 10.2799999714
29.4061427656 4.42560304332 -1.488286485 0.120349021866 -1.45529052328 10.3199999332
29.4195270674 4.25088394379 -1.49434096084 0.111535848592 -1.4559924961 10.3599998951
29.432097369 4.07610439465 -1.49899905505 0.104752512861 -1.45649624279 10.3999998569
29.4435796875 3.90203304117 -1.50492846359 0.0956859878229 -1.45059461233 10.4399998188
29.4534609005 3.72926002882 -1.51366668343 0.0823434417217 -1.43977510289 10.4800000191
29.461060868 3.55811398534 -1.52641915237 0.0633330619666 -1.42621702903 10.5199999809
29.4651965007 3.3898404764 -1.54622442344 0.034463606398 -1.4022792412 10.5599999428
29.4668206008 3.22603070752 -1.56088210201 0.0135341673578 -1.36508140734 10.5999999046
29.4644358941 3.06786753985 -1.58587269425 -0.0198725559595 -1.31802639723 10.6399998665
29.4601920314 2.91480974502 -1.59851641528 -0.035365522258 -1.27548162355 10.6799998283
29.4520590717 2.76548273444 -1.6252066594 -0.0677746644209 -1.24439175488 10.7200000286
29.4421870204 2.61751507846 -1.63741522781 -0.0822670938426 -1.23306379984 10.7599999905
29.4146697586 2.32080413612 -1.66679878636 -0.119619687778 -1.24217620893 10.8399999142
29.3979861347 2.17005696016 -1.68102063861 -0.13903019875 -1.25622646628 10.879999876
29.3797730009 2.01689732458 -1.68915652103 -0.151776115351 -1.27633029656 10.9199998379
29.3592831483 1.86140284295 -1.70181369894 -0.170748771895 -1.29578734692 10.9600000381
29.3361618244 1.70364686517 -1.71632405719 -0.192677699353 -1.31463314812 11.0
29.3101991597 1.54415740572 -1.73216694329 -0.216355538742 -1.32907882879 11.0399999619
29.2827549463 1.38306293982 -1.73953731758 -0.228701778192 -1.34245388251 11.0799999237
29.255268823 1.22037483115 -1.7381656046 -0.229051027349 -1.35573423888 11.1199998856
29.2290246286 1.05613286561 -1.72924665051 -0.21870162032 -1.36868304622 11.1599998474
29.2052025912 0.890410859891 -1.71356531035 -0.198516978336 -1.38101671429 11.1999998093
29.1849147609 0.723320737099 -1.69162337036 -0.169065252455 -1.39241768993 11.2400000095
29.1692034258 0.555023840716 -1.66388140765 -0.130927792809 -1.40247413653 11.2799999714
29.1536439735 0.391195697987 -1.66548653642 -0.129662101981 -1.36523452274 11.3199999332
29.104250229 0.0901698495055 -1.74784905118 -0.220708723123 -1.23351761596 11.3999998569
