34.9532428025 26.7163899676 2.97733340542
34.7991722746 26.7427242967 2.97230472469
34.6455322358 26.7696737248 2.96795280408
34.3396933944 26.8250563036 2.96075672636
34.1875455792 26.8533500246 2.95773082531
34.0357541066 26.8817841315 2.95641523389
33.8838315554 26.9097973803 2.95924917671
33.7314076015 26.9369652704 2.96520599109
33.5782016259 26.9629718619 2.97344626331
33.4240018144 26.987587881 2.98329120063
33.2688908527 27.010617942 2.99419472735
33.1135245438 27.0318571549 3.00573069707
32.9579173823 27.0512531708 3.01758492693
32.8020908529 27.0687998766 3.0294608951
32.6461148559 27.0849641112 3.03832844474
32.490037747 27.1001209645 3.04478489538
32.1777107675 27.1285962107 3.05208005638
32.0215083118 27.1424015345 3.05344073648
31.8655206709 27.1561816225 3.05348049451
31.7375817918 27.1268661634 -2.91634459436
31.6318575672 27.0645646742 -2.60909056357
31.5436083635 26.9773086271 -2.36185327198
31.4690407429 26.8713903387 -2.18420904531
31.4051717783 26.7516271466 -2.06072285298
31.3496156764 26.6217462322 -1.97499095193
31.3004362611 26.4847073035 -1.91535284161
31.2560600305 26.3429211011 -1.87411833414
31.2152185729 26.1983375961 -1.84610010468
31.1769051744 26.0524801796 -1.827670304
31.1053221379 25.7612760053 -1.80783883681
31.0713521449 25.6174215893 -1.80268974158
31.0382798038 25.4753960854 -1.79958120467
31.0059491825 25.3355307259 -1.79796170723
30.9742500897 25.1980670534 -1.79743428722
30.9431057872 25.0631799299 -1.79771134479
30.912463336 24.9309932077 -1.79858486955
30.8822860242 24.8015906492 -1.79990646265
30.8517583254 24.6743045353 -1.80618553829
30.8202060803 24.5486950068 -1.8168975787
30.7870803141 24.4244611338 -1.83137416958
30.7519409653 24.3013753192 -1.84888545726
30.714441282 24.1792356367 -1.86868365874
30.6313555804 23.9369304058 -1.91219295779
30.5854232417 23.8162521955 -1.93448353419
30.5368007753 23.6956492763 -1.95402525014
30.4859399344 23.5749719754 -1.9696660522
30.4332386517 23.454008006 -1.98167606039
30.3790547761 23.3325224891 -1.99032804148
30.3237251376 23.2102792082 -1.99582612656
30.2675829925 23.0870546966 -1.99830455268
30.210970388 22.9626490092 -1.99785385394
30.1542444356 22.8368934367 -1.99454886996
30.0977939528 22.7094514351 -1.98777234217
30.0419629027 22.5797195819 -1.97719589036
29.9869142656 22.4473502783 -1.96490982171
29.8800519315 22.173637534 -1.93518125995
29.8298164155 22.0314810259 -1.91048066155
29.7828572976 21.8853764486 -1.8817755767
29.7367943186 21.7354831662 -1.86894155478
29.6948772788 21.5843780508 -1.84139538081
29.6567294307 21.4322776372 -1.81653437298
29.6234928287 21.279029073 -1.78436906044
29.5961613951 21.124617976 -1.74598610552
29.5753867799 20.9691888619 -1.70366855234
29.5611231167 20.8130275926 -1.6618828941
29.5524655453 20.656489068 -1.62604637045
29.5481968522 20.5006105626 -1.59817422916
29.5472843316 20.3461755545 -1.57670502558
29.5516897671 20.0405236062 -1.55141373241
29.5555037496 19.8883526956 -1.54573776463
29.5596895926 19.7361630711 -1.54329913056
29.5638841784 19.5837109026 -1.54328915609
29.5678223478 19.4308077075 -1.5450460547
29.5713157291 19.2773067014 -1.54804221941
29.5742363821 19.1230922991 -1.55185967816
29.5769236614 18.9681632786 -1.5534528377
29.5804836128 18.8126980642 -1.54790162709
29.5857443387 18.6568334525 -1.53705724033
29.5933179676 18.5006741603 -1.52233491957
29.6036490056 18.3442999811 -1.50482605874
29.6170270968 18.1880603549 -1.48537920315
29.6536256336 17.8765988379 -1.44303872302
29.6770180569 17.7215421107 -1.42106184422
29.7023712949 17.566793904 -1.40840363046
29.7286124756 17.4121937922 -1.40266291552
29.7549550535 17.2576109254 -1.40200701189
29.7808213243 17.1029476454 -1.40508744905
29.8057754796 16.9481345831 -1.41098200487
29.8294910688 16.7931269544 -1.41897733663
29.8517259063 16.6379000039 -1.42852327765
29.8723025452 16.4824445567 -1.439197733
29.8913430386 16.3267934927 -1.44907302071
29.9090801995 16.1709885272 -1.45744225879
29.9257055347 16.0150610044 -1.46457543258
29.9561805269 15.7029236667 -1.47620282198
29.9702071113 15.5467409242 -1.48122782136
29.9834763872 15.3904920187 -1.48607564659
29.9959762408 15.2341796782 -1.49099897488
30.0079409537 15.0778254657 -1.49442204712
30.0200381872 14.9214814505 -1.49357445272
30.032648374 14.7651779722 -1.49029310378
30.0459710218 14.6089336085 -1.48573405911
30.0600854255 14.4527587778 -1.48066552168
30.0760037489 14.2967574922 -1.46910858628
30.0937078032 14.1409487614 -1.45765474393
30.1131925319 13.9853526834 -1.44621847174
30.1344564518 13.829989754 -1.43477534509
30.178770221 13.5195135842 -1.42864282108
30.2005422435 13.3642210436 -1.43150418303
30.221412683 13.2088047675 -1.43730756141
30.241003587 13.0532220222 -1.44553606568
30.2590021388 12.8974470362 -1.45576441729
30.2751542009 12.7414697782 -1.46761015857
30.2892632529 12.5852944639 -1.48069978894
30.3012854904 12.428944664 -1.49405412993
30.3112755595 12.2724518761 -1.50704558246
30.3193331463 12.1158476954 -1.51938973125
30.325598914 11.9591615943 -1.53082832131
30.3302445875 11.8024190925 -1.54116611273
30.3334564478 11.6456406562 -1.55031257191
30.3366304923 11.332034938 -1.56305198753
30.3384036332 11.1752336303 -1.559488607
30.3427800144 11.0184833785 -1.54288412529
30.3508223236 10.8618784125 -1.5194872865
30.3612109331 10.705411576 -1.50449867122
30.3714664115 10.5489359571 -1.50534950564
30.3802182929 10.3923690426 -1.51495577497
30.3870076612 10.2357047563 -1.52748637481
30.4009397018 10.0795135518 -1.48183314572
30.4177793087 9.92360902401 -1.46320115691
30.4361239308 9.7678744133 -1.45354252671
30.4553798076 9.61224984795 -1.44768914456
30.4751706457 9.45669240884 -1.44425089504
30.515341186 9.14565302052 -1.44217913658
30.5353247627 8.990120224 -1.44301177749
30.554997791 8.83454784183 -1.4450081985
30.5741591682 8.6789116129 -1.44829635014
30.592901678 8.52338909069 -1.45086156127
30.6112657569 8.36838518682 -1.45287107705
30.6291367419 8.21417060742 -1.45542703728
30.646376016 8.06092440521 -1.4587733158
30.6628595764 7.90875823455 -1.46289103604
30.6784876037 7.75773223611 -1.46768426682
30.6931855996 7.6078668587 -1.47303431258
30.7069032746 7.45915239649 -1.47881491227
30.7308265723 7.16410778752 -1.49419145378
30.7407659868 7.01698113271 -1.50334196332
30.7493554068 6.86978863264 -1.51250741938
30.7566349534 6.72236835976 -1.52145685349
30.7626502222 6.57459811391 -1.53011188758
30.7674520049 6.42638209995 -1.53841046215
30.7710946116 6.27764436355 -1.54631108994
30.7736262355 6.12832322332 -1.55384372827
30.7752097137 5.97882845166 -1.56020452497
30.7759359527 5.82942992205 -1.5659352797
30.7758581403 5.68030254955 -1.57131811145
30.7750114373 5.53155691475 -1.57648855352
30.7734240242 5.38326019256 -1.58150022096
30.7681381582 5.08814794697 -1.59105775355
30.7646220562 4.94121674142 -1.59472202074
30.7605404431 4.79444144539 -1.59859774549
30.7558579034 4.64754559234 -1.60266213239
30.7505691268 4.50032395281 -1.606704793
30.7446901933 4.35262389919 -1.6105785179
30.7382526347 4.2043319376 -1.61418046676
30.7310107934 4.05571259538 -1.61948526454
30.7230406647 3.90668823153 -1.62422747335
30.7144121766 3.75721180322 -1.62845707978
30.7051385662 3.60740269045 -1.63262028442
30.6951386283 3.45765050028 -1.63747390828
30.6843609523 3.30826484952 -1.64281820043
30.6603680562 3.01153253519 -1.65445785396
30.6471349284 2.86454566435 -1.66058358323
30.6330805598 2.7186653127 -1.66684165493
30.6182144658 2.57400347077 -1.67320129872
30.6025491741 2.43065596993 -1.67964631394
30.5867661624 2.28818081568 -1.68112378684
30.5713871568 2.14625495114 -1.67873460827
30.5568106839 2.00465070133 -1.67337313829
30.5433393749 1.86321529668 -1.66575693538
30.5312006426 1.72185394242 -1.65645642757
30.520562455 1.58051613107 -1.64592248136
30.511545394 1.43918464887 -1.63451076531
30.5042318566 1.29786672732 -1.62250256842
30.492802945 1.01595321861 -1.60899266431
30.4876270477 0.875788923883 -1.60770691528
30.4822806299 0.736412783468 -1.6091371632
30.4764565801 0.597984270371 -1.61284414547
30.469893581 0.460624252681 -1.61853956242
30.4621931957 0.32485825268 -1.62745369349
30.4472223789 0.203279438592 -1.69331629161
30.4121798821 0.111042683161 -1.93387256415
30.3680034583 0.02426738475 -2.04168934625
