34.9681819924 27.5526272314 2.9596025407
34.806373847 27.5834197401 2.95353867905
34.6444600476 27.6148732492 2.94972156751
34.4826336104 27.6466815587 2.94750871855
34.3177014908 27.671850634 2.99015832305
34.1501242552 27.6900818282 3.03322606471
33.9805670961 27.7019727798 3.07157782669
33.8095987643 27.7084242333 3.10387576246
33.6376193274 27.7105624618 3.12916024649
33.4649497145 27.7093206444 -3.13440090728
33.1185060055 27.6996134145 -3.1078570217
32.9450926423 27.6922766534 -3.09930993537
32.7717303102 27.6838622079 -3.09309395717
32.5985180017 27.6746993612 -3.08874240204
32.4255334625 27.6650509057 -3.08587398243
32.2524625333 27.6555528812 -3.08676827309
32.0790681401 27.6466824259 -3.09047952938
31.9051723224 27.6387827575 -3.09619627155
31.730527865 27.6350313914 -3.12011593797
31.5550547669 27.6349968947 -3.14139606138
31.3786923269 27.6383453568 3.12260868038
31.2013944585 27.6448173124 3.10510556392
31.0231259096 27.6542091022 3.08895793346
30.6635827643 27.6777588772 3.07405919123
30.4822757331 27.6899305314 3.07456040311
30.300486864 27.7013923627 3.07862576627
30.1186249577 27.7116302093 3.08535738978
29.9366806571 27.7202811031 3.0940815005
29.7546576543 27.727077643 3.10427108466
29.572569716 27.7318262444 3.11551994735
29.3904398659 27.73452517 3.12677504899
29.2082923438 27.7354453091 3.13654108195
29.0261436779 27.7347895501 -3.13799253839
28.8440057042 27.7327098857 -3.13017507799
28.6618874006 27.7293201969 -3.12298223739
28.4797960116 27.724705811 -3.11625703181
28.1157181782 27.7120425932 -3.1037682956
27.933742566 27.7040774768 -3.09785033236
27.7520853822 27.6953253405 -3.09345046891
27.571020087 27.686011181 -3.0901970677
27.3907545039 27.6763073206 -3.08781364989
27.211446576 27.6663457383 -3.08609397708
27.0332163397 27.6562275113 -3.08488298357
26.8561550252 27.6460300464 -3.08406335882
26.6803315888 27.635812767 -3.0835469117
26.5057984745 27.6256215354 -3.08326748886
26.3324611633 27.6158111634 -3.0850559674
26.1601807122 27.606810609 -3.08939648708
25.9888516499 27.5989444 -3.09571200367
25.6487484037 27.5875404071 -3.11259877469
25.4798665918 27.5843190073 -3.12252008938
25.3117138665 27.5828952826 -3.13312600121
25.1442634169 27.5833406775 3.13893279893
24.9774799215 27.5853741891 3.12940073452
24.8113066282 27.5881162133 3.12509315912
24.6457004134 27.5908965862 3.12480516924
24.4806285054 27.5932057753 3.12760457746
24.3160659949 27.5946574708 3.13277133765
24.1519939426 27.594959915 3.13974929388
23.9883979428 27.593893925 -3.13507675563
23.8252670316 27.5912960482 -3.12566889486
23.6625936536 27.5870413729 -3.1154439035
23.3352128838 27.577463745 -3.11296571031
23.1692933774 27.5735311092 -3.11789501983
23.001315397 27.5708240447 -3.12547845704
22.8309765027 27.5696854885 -3.13490868871
22.6580471523 27.5703724029 3.13762044867
22.4823529136 27.5730755177 3.12620853232
22.3037612397 27.5779346069 3.1143915491
22.1226841647 27.5842698341 3.10662056113
21.9406636823 27.5911335402 3.10390208403
21.7586363938 27.5978143147 3.10490707061
21.5765850491 27.6038038371 3.10870433473
21.3945015772 27.6087207199 3.11459575939
21.2123865155 27.6122803248 3.12204923035
20.8480979104 27.6145413307 3.14011356117
20.6659530656 27.6131915168 -3.13418212693
20.483819858 27.6107295698 -3.12807618927
20.301697976 27.6075379237 -3.12406966629
20.1195843503 27.6039055959 -3.12164990511
19.9374752827 27.6000515088 -3.1204321921
19.7553673986 27.5961418992 -3.12012730555
19.5733430333 27.5923051204 -3.12051739445
19.3916871207 27.5886434734 -3.12143833432
19.210616214 27.5852343767 -3.12276746518
19.029963746 27.5819993103 -3.12368688834
18.8496031288 27.5788782409 -3.12428977453
18.6694381576 27.5758253597 -3.12464935432
18.3094202441 27.5697931551 -3.12485498065
18.1294695051 27.5667674731 -3.124780292
17.9495114061 27.5637138408 -3.12462570755
17.7695215544 27.560621205 -3.12441206557
17.5894960975 27.5575010014 -3.12426237582
17.4094394505 27.5543719818 -3.12421642893
17.229354969 27.5512486552 -3.12425071837
17.0492452041 27.5481422663 -3.1243471647
16.8691120952 27.5450615471 -3.12449186131
16.6889571174 27.5420132967 -3.12467411145
16.5087813931 27.5390028271 -3.12488568857
16.3285857765 27.5360343069 -3.12512026789
16.148348746 27.5330384079 -3.12497218952
15.7875222089 27.5262229907 -3.12167913294
15.6068515054 27.522143271 -3.11901552054
15.4259708411 27.5174962963 -3.11590747213
15.2448599625 27.5122225381 -3.11248193142
15.0635034801 27.5062800683 -3.10883758288
14.8818897056 27.4996406977 -3.1050512887
14.7000097704 27.4922870063 -3.10118309312
14.5180012814 27.4851122993 -3.10219342406
14.335961053 27.4787939336 -3.10689795815
14.1538786244 27.4738385634 -3.1143843866
13.9717571516 27.4706236572 -3.12394194888
13.7896112443 27.4694257622 -3.13501617981
13.6074642347 27.4704423014 3.13601183892
13.2432880676 27.4796101513 3.10973593384
13.0612938844 27.4871390136 3.10024753057
12.8793348339 27.4954739073 3.09581822563
12.6973805804 27.5039128716 3.09524627214
12.515519431 27.5119148786 3.09762037654
12.3340531762 27.5190581171 3.10224896174
12.1532112201 27.5250248105 3.10861065223
11.9731679372 27.5295784217 3.11630628607
11.794055858 27.5325460456 3.12502563898
11.6158637026 27.5340523251 3.13313973601
11.4383588971 27.5346954266 3.1379696601
11.2613646633 27.5349349959 3.14023911185
10.9084027144 27.5355253687 3.13930871269
10.7322552954 27.5363441861 3.13694420899
10.55624544 27.5377279356 3.13373104287
10.3803283922 27.5397844059 3.129903186
10.2044701957 27.5425887571 3.12564734324
10.0283576526 27.545774749 3.12350396818
9.85175281183 27.5490582828 3.12300224853
9.67447490611 27.5522195983 3.12376200229
9.49638662192 27.5550894239 3.12547942489
9.31738366126 27.5575382044 3.12791339543
9.13738680544 27.5594677296 3.1308732924
8.95633588053 27.5608046399 3.13420862043
8.77418734404 27.5614953943 3.13780041318
8.40988787384 27.5613988769 -3.14025524381
8.22773876451 27.5608807453 -3.13874811498
8.04559028442 27.5601752758 -3.13771962661
7.86344232341 27.5593465488 -3.13704293846
7.68133769247 27.5584401578 -3.13661538612
7.49943911263 27.5574868887 -3.13635203863
7.3178704372 27.5565042364 -3.13618069187
7.1367812703 27.5553329889 -3.13512494963
6.95639600934 27.5535161201 -3.13152083647
6.7768692461 27.5517086008 -3.13152474961
6.59833246448 27.549476133 -3.1290890591
6.42088566023 27.5464906133 -3.12476936975
6.06954879244 27.5373436535 -3.11211216367
5.89576111844 27.5308683244 -3.10434988012
5.72327520946 27.5229827344 -3.09590716488
5.55208640738 27.5148214714 -3.09395467509
5.38219118978 27.5072489661 -3.0970505129
5.21358690443 27.5009207715 -3.10407744146
5.04627155763 27.4963307945 -3.11416644219
4.88024364738 27.4938477055 -3.12663791535
4.71550203498 27.4937430092 -3.14095713575
4.55204585006 27.4962126896 3.12648467548
4.3898744249 27.5013938998 3.10965454578
4.22811547137 27.5085631759 3.09730090251
4.06567018007 27.5167530748 3.0912189535
3.73558081249 27.5334041786 3.09237970887
3.56681988561 27.5408684291 3.09739172996
3.39505485145 27.547284404 3.10425680482
3.22000697194 27.5524092677 3.11232408864
3.04146430143 27.5560637599 3.1211270588
2.85977071014 27.5582687446 3.12945751699
2.67762401119 27.5593395144 3.13571410937
2.49547427163 27.5595366588 3.14051033351
2.31332505185 27.5590589347 -3.138969952
2.13117796132 27.558056987 -3.13609194758
1.94932196246 27.5566476888 -3.13384328058
1.76820252384 27.554923541 -3.13207354444
1.58815818489 27.5529568986 -3.13066998777
1.23146507993 27.548547883 -3.12891430654
1.05375757155 27.5462500134 -3.12866274629
0.875976228816 27.5439594419 -3.12870916016
0.697856974843 27.541713399 -3.12898355172
0.519199111758 27.5395402509 -3.12942951143
0.339850111416 27.5374613982 -3.1300020703
0.159694055976 27.5354927506 -3.13066563096
