24.4264482348 29.9407225561 -1.4695119745 0.134992727605 -1.32824863881 1.55999994278
24.4441933159 29.782818289 -1.45888711973 0.147875675834 -1.31586889281 1.59999990463
24.4637451873 29.6266535891 -1.44624409266 0.162932261695 -1.30137249944 1.63999986649
24.4851212438 29.4720181886 -1.4334316715 0.178133804426 -1.2886283373 1.67999982834
24.5079502636 29.3179242123 -1.42371617721 0.19024183137 -1.2841164687 1.72000002861
24.5588227325 29.1889408889 -1.19511713546 0.423937241284 -1.07486102835 1.75999999046
24.6238773132 29.0783363763 -1.0391185902 0.542121505881 -0.921704272237 1.79999995232
24.6963531333 28.9816637061 -0.927485131611 0.603965167004 -0.8056055845 1.83999991417
24.77360706 28.8953989359 -0.84044837653 0.64378272252 -0.718873084906 1.87999987602
24.8545681755 28.8164703874 -0.77268653804 0.674675962833 -0.657737904605 1.91999983788
24.937766387 28.7422794774 -0.728231016015 0.693318428732 -0.618257583373 1.96000003815
25.1069439685 28.601902092 -0.683275101291 0.706602965073 -0.575240229206 2.03999996185
25.1921739342 28.5350367699 -0.665235538632 0.710249713886 -0.557211017486 2.07999992371
25.277726134 28.470149481 -0.648888865241 0.712934998692 -0.540727408149 2.11999988556
25.3638243038 28.4072064755 -0.631269494873 0.717484747862 -0.524525045901 2.15999984741
25.4504868857 28.3460557332 -0.614486987603 0.722188183221 -0.509589518515 2.19999980927
25.5380884101 28.2866885509 -0.595599318121 0.730012703155 -0.494726519232 2.24000000954
25.6267956508 28.2289356916 -0.577113084961 0.739227005481 -0.481273827598 2.27999997139
25.7171266222 28.1727907965 -0.556112011892 0.752758095511 -0.467874125944 2.31999993324
25.8095389033 28.1181495007 -0.533981156157 0.77010234227 -0.45534413134 2.3599998951
25.9046013009 28.0650247813 -0.509605210435 0.792186646349 -0.442705995695 2.39999985695
26.002623095 28.0133004877 -0.485546837418 0.816848284505 -0.431035779698 2.4399998188
26.1036672921 27.962808372 -0.463410196716 0.842034975437 -0.420767630564 2.48000001907
26.314326345 27.8643869855 -0.430146269321 0.888657821383 -0.407714493328 2.55999994278
26.4233093481 27.8157018092 -0.420125141763 0.908191692767 -0.405709802506 2.59999990463
26.5333459578 27.7703650136 -0.39082151424 0.916971747472 -0.377806629964 2.63999986649
26.638399515 27.7230319942 -0.423320226507 0.875446310076 -0.394441828279 2.67999982834
26.7429795599 27.6747920437 -0.432188904945 0.871500373971 -0.401999587119 2.72000002861
26.8490460186 27.6255393032 -0.43472915215 0.883887156092 -0.410439504378 2.75999999046
26.9586467709 27.5761859675 -0.423104265548 0.913339602053 -0.411277797401 2.79999995232
27.073202714 27.5276807825 -0.400530928843 0.954632858935 -0.404209875568 2.83999991417
27.1937281146 27.4813343976 -0.367104889889 1.00437833864 -0.386219873875 2.87999987602
27.3207511535 27.4386030355 -0.324513751835 1.05852532435 -0.356094684167 2.91999983788
27.4542981565 27.4010125907 -0.274378041691 1.11289169159 -0.313253706339 2.96000003815
27.5938659118 27.3698941512 -0.219374712507 1.16306462764 -0.259320329521 3.0
27.7385010719 27.3472117124 -0.15555819035 1.20529300098 -0.189020323391 3.03999996185
28.0382551451 27.3278537045 -0.0365554367219 1.26045083561 -0.0460968656717 3.11999988556
28.1627469308 27.2889098725 -0.303178651977 1.03743154738 -0.324531933367 3.15999984741
28.2661394345 27.2253167794 -0.551423004804 0.861604197272 -0.529942442355 3.19999980927
28.3528038435 27.143906493 -0.75414769993 0.722203408535 -0.678419053386 3.24000000954
28.4262624485 27.049663828 -0.908704423558 0.612155041492 -0.785355541217 3.27999997139
28.489300869 26.9463128269 -1.02309643954 0.525320171277 -0.861258342397 3.31999993324
28.5445747831 26.8354282876 -1.10836409276 0.460615950328 -0.92403782802 3.3599998951
28.5943876074 26.7175678199 -1.17092432869 0.415106869614 -0.982170564229 3.39999985695
28.6405190495 26.59316781 -1.21568523186 0.38442868428 -1.03666674876 3.4399998188
28.6843446831 26.4625664614 -1.24703592084 0.365213613336 -1.08834457193 3.48000001907
28.7269097307 26.3260372444 -1.26858109853 0.354708729772 -1.13774347459 3.51999998093
28.7689769388 26.1838339793 -1.28317466571 0.35056006781 -1.1850272096 3.55999994278
28.8110610687 26.0362526518 -1.29301020772 0.350701081827 -1.22984439533 3.59999990463
28.8960670604 25.727534132 -1.30452005541 0.354884822269 -1.30112019341 3.67999982834
28.9379279194 25.5712036833 -1.30916261462 0.348840491958 -1.30275373956 3.72000002861
28.9790565967 25.4146790123 -1.31384325027 0.342738977373 -1.30437225828 3.75999999046
29.0194767854 25.2579698898 -1.3183669475 0.336834905455 -1.30590935415 3.79999995232
29.0589894205 25.1020298136 -1.32263578002 0.329271959658 -1.29950063493 3.83999991417
29.0974307987 24.9474921281 -1.32699369443 0.32034481792 -1.28781404574 3.87999987602
29.134669065 24.7946985569 -1.33174052996 0.310318886433 -1.27327976034 3.91999983788
29.1705960797 24.6437927358 -1.33707160028 0.299391788903 -1.25754850891 3.96000003815
29.2051226052 24.4947927246 -1.34309342307 0.287721046122 -1.24166676049 4.0
29.2380227891 24.3472956012 -1.35133255722 0.274168198618 -1.22914269457 4.03999996185
29.269148974 24.2011562869 -1.36094233215 0.259384874232 -1.21782761937 4.07999992371
29.2982806155 24.0560610882 -1.37265467208 0.24276367945 -1.2091266557 4.11999988556
29.3252354605 23.9116900549 -1.38621614418 0.224623708534 -1.20309194394 4.15999984741
29.3721784657 23.6240402683 -1.41694179581 0.185735964106 -1.19767752621 4.24000000954
29.3920851058 23.4803368386 -1.43314648669 0.165888667513 -1.19752858093 4.27999997139
29.4096389615 23.3365064795 -1.4493513762 0.14628213083 -1.19858632513 4.31999993324
29.4250613196 23.1921350267 -1.46437575264 0.128519650418 -1.20309544028 4.3599998951
29.4385259766 23.0468493364 -1.47838319924 0.112205475805 -1.21071408584 4.39999985695
29.4500798487 22.9004508103 -1.49203888329 0.0962822672101 -1.21998771722 4.4399998188
29.4597208211 22.7528249204 -1.50558214776 0.0803414368672 -1.23021574972 4.48000001907
29.4674325575 22.6039032317 -1.51905870365 0.0642644692874 -1.24101407252 4.51999998093
29.4732047117 22.4536461344 -1.53240002121 0.0481012857196 -1.25214247748 4.55999994278
29.4770572672 22.3020514186 -1.54538827503 0.0321046287728 -1.26328929849 4.59999990463
29.479062898 22.1491307986 -1.55768157621 0.0167135898225 -1.27433849969 4.63999986649
29.4794215899 21.9951400779 -1.5684670226 0.00298909900417 -1.28325600614 4.67999982834
29.4785419638 21.8407738473 -1.57649457148 -0.00733021727988 -1.28638525501 4.72000002861
29.4537626101 21.5279659935 -1.66429474003 -0.12281736577 -1.30974703091 4.79999995232
29.4360938444 21.3697104285 -1.68198291138 -0.147239713569 -1.31879637528 4.83999991417
29.416700928 21.210777719 -1.69221577212 -0.161607636925 -1.32443924606 4.87999987602
29.396628734 21.0514771646 -1.69613781813 -0.167268283205 -1.32750462021 4.91999983788
29.3768447974 20.8920340888 -1.69424685419 -0.164866138864 -1.32869229788 4.96000003815
29.3582386106 20.7326436697 -1.68700379773 -0.155051556129 -1.32825349248 5.0
29.3415800163 20.5731489638 -1.67486505783 -0.138821619303 -1.32912254952 5.03999996185
29.3276773259 20.4134704082 -1.65764405003 -0.115855753287 -1.33065462966 5.07999992371
29.3172623822 20.2536079667 -1.63585379641 -0.0867911978159 -1.33218701237 5.11999988556
29.3119291591 20.0937796181 -1.60415239328 -0.0444435260969 -1.33190290495 5.15999984741
29.3113879254 19.934035744 -1.57418444782 -0.00451028041265 -1.33119895093 5.19999980927
29.3148318123 19.7743832161 -1.54922853262 0.0286990573034 -1.33043773299 5.24000000954
29.3214367191 19.6148165224 -1.52942717681 0.0550408900575 -1.3297224473 5.27999997139
29.3413991953 19.295610757 -1.50290661416 0.0905017513022 -1.3310215024 5.3599998951
29.3533311834 19.1352549063 -1.49652376709 0.0994332346735 -1.33629875589 5.39999985695
29.3658046365 18.9739825635 -1.4936059714 0.103945441964 -1.34393618961 5.4399998188
29.3783323371 18.8126301621 -1.49330991979 0.104397504935 -1.34460334513 5.48000001907
29.3906415267 18.6512609439 -1.49466409589 0.102576580055 -1.34474348483 5.51999998093
29.4025524719 18.489861842 -1.49713177399 0.099257877059 -1.34499251619 5.55999994278
29.4139511224 18.3284257509 -1.50030549423 0.0949887543666 -1.34530075869 5.59999990463
29.424776552 18.1669502085 -1.50385581769 0.0902119128999 -1.34562952017 5.63999986649
29.4350155532 18.0054364209 -1.50748706885 0.0853250101165 -1.34594822985 5.67999982834
29.444699164 17.8438883835 -1.51092535743 0.0806967564584 -1.3462336455 5.72000002861
29.4538908259 17.6823116089 -1.51397030124 0.07659718289 -1.34647312129 5.75999999046
29.4626767257 17.5207122627 -1.51648138984 0.0732158316441 -1.34666121826 5.79999995232
29.4711584333 17.3590966652 -1.51836367953 0.0706808969115 -1.34679664597 5.83999991417
29.4876593812 17.0358415406 -1.52003355621 0.0684318150985 -1.34691279653 5.91999983788
29.4959110963 16.8742140369 -1.51978671051 0.0687642926424 -1.3468958634 5.96000003815
29.5042908826 16.7125931227 -1.51899430957 0.0698315524904 -1.34684095165 6.0
29.5138776777 16.551039311 -1.51152464647 0.0798899589466 -1.34628176443 6.03999996185
29.5254697445 16.3896169931 -1.49910734506 0.0966005567873 -1.34518598238 6.07999992371
29.539643892 16.2284008827 -1.48310165372 0.118117895729 -1.34346758706 6.11999988556
29.5573219088 16.0675312819 -1.46134514019 0.147316806393 -1.34058000631 6.15999984741
29.5786159543 15.9071002863 -1.43883739421 0.177450379398 -1.33692496335 6.19999980927
29.6035850096 15.7472000455 -1.41589334071 0.208075460512 -1.33250200657 6.24000000954
29.6322073827 15.5879131959 -1.39300295162 0.238519776071 -1.32739041401 6.27999997139
29.6640984695 15.4292484571 -1.3724425983 0.265759056462 -1.32220615589 6.31999993324
29.6983725492 15.2710813677 -1.35740024555 0.285617331417 -1.31805907863 6.3599998951
29.7340981897 15.1132358124 -1.34821358479 0.297713670504 -1.31537962778 6.39999985695
29.8072533294 14.7979352465 -1.34218308458 0.305640606096 -1.31356035822 6.48000001907
29.8436613873 14.6402456969 -1.34388813032 0.303400482412 -1.3140795798 6.51999998093
29.8793790887 14.4823983449 -1.34826388126 0.297647511175 -1.31539460006 6.55999994278
29.9120021231 14.3238824834 -1.36782726971 0.271858620174 -1.32096551258 6.59999990463
29.9422212572 14.1648908337 -1.3829693015 0.251826117301 -1.3249304138 6.63999986649
29.9704765551 14.0055384605 -1.39530696825 0.235460816099 -1.32793644383 6.67999982834
29.9972881885 13.8459368407 -1.40435940024 0.223430278402 -1.33001349823 6.72000002861
30.0230042523 13.686155037 -1.41121990216 0.214300531802 -1.33151503065 6.75999999046
30.0478233963 13.5262314589 -1.41683080205 0.206826200147 -1.33269648372 6.79999995232
30.0718348303 13.3661846165 -1.42187944581 0.200095283072 -1.3337236867 6.83999991417
30.0950433131 13.2061332805 -1.42679354639 0.193404023694 -1.33376113374 6.87999987602
30.117295341 13.0471401235 -1.43174365357 0.185433565252 -1.324942975 6.91999983788
30.138533818 12.889915189 -1.4365257033 0.17698730819 -1.3102077871 6.96000003815
30.1771663427 12.5813679881 -1.45136710672 0.153594381172 -1.27994999479 7.03999996185
30.1932032313 12.4285715473 -1.46622328463 0.133640737965 -1.27330367356 7.07999992371
30.2063749671 12.2761932079 -1.48456966528 0.109764464993 -1.26981949484 7.11999988556
30.216376799 12.1239288084 -1.5052032948 0.0833485988506 -1.26886999643 7.15999984741
30.2230619765 11.9715005056 -1.52696656527 0.0557098129813 -1.27023585649 7.19999980927
30.2264235077 11.8186131563 -1.54881288807 0.0280127600164 -1.27406124361 7.24000000954
30.2265654962 11.6649358535 -1.5698723876 0.00118323769917 -1.28064419067 7.27999997139
30.2236553927 11.5101261022 -1.58959204741 -0.0242508627797 -1.29008126023 7.31999993324
30.218349573 11.3542492107 -1.60482171678 -0.0442151645617 -1.29897409645 7.3599998951
30.2118816538 11.1970809182 -1.61192594321 -0.0538993261127 -1.30973577027 7.39999985695
30.206465007 11.0353335824 -1.60427213835 -0.0451387236552 -1.3478944656 7.4399998188
30.2051109712 10.8735012391 -1.57916303604 -0.0112836313109 -1.34860286016 7.48000001907
30.2103430853 10.7117478289 -1.53846136396 0.0436009509379 -1.34794508488 7.51999998093
30.2358334896 10.3890886222 -1.4835327688 0.117538695634 -1.34351838462 7.59999990463
30.2499117283 10.2278641081 -1.48369654635 0.117318655909 -1.3435376168 7.63999986649
30.2630095757 10.0665569877 -1.48977587754 0.109148728141 -1.34422600403 7.67999982834
30.2744154073 9.90512140381 -1.50026101166 0.0950485967078 -1.34529653201 7.72000002861
30.2939135784 9.74545579444 -1.44927921398 0.162484759436 -1.33054674475 7.75999999046
30.3167572531 9.58523810737 -1.42917188056 0.190363955847 -1.33514739227 7.79999995232
30.3409087378 9.42521233909 -1.42100432784 0.201262371869 -1.33354806904 7.83999991417
30.3655054963 9.26525440651 -1.41822122605 0.204972987642 -1.3329827715 7.87999987602
30.3898562574 9.10525884045 -1.41975893281 0.202923009497 -1.33329638378 7.91999983788
30.4134714306 8.94515304942 -1.42435489401 0.196793109469 -1.33421492528 7.96000003815
30.4359935562 8.78503736553 -1.43105157884 0.187684380012 -1.33429736574 8.0
30.4576538211 8.62516984403 -1.43612754042 0.180502207622 -1.33222934583 8.03999996185
30.4986096795 8.30683630727 -1.44502659583 0.167416834306 -1.32411166169 8.11999988556
30.5179288691 8.1485642313 -1.44933402829 0.160993246868 -1.31893396642 8.15999984741
30.5364795445 7.99095441368 -1.45363536512 0.154588961444 -1.31341514679 8.19999980927
30.5542648611 7.83402226104 -1.45794658209 0.148210971602 -1.3077679387 8.24000000954
30.5712900347 7.67776367859 -1.46226929832 0.141876447165 -1.30215485374 8.27999997139
30.5875628932 7.52215967151 -1.4665964329 0.13560715441 -1.29670005905 8.31999993324
30.6029315367 7.36701806645 -1.47205643608 0.128072029082 -1.29284670876 8.3599998951
30.6172273072 7.21210264066 -1.47877581607 0.119131420983 -1.29096188162 8.39999985695
30.6303517015 7.05722657924 -1.48625703122 0.109369952108 -1.2906338452 8.4399998188
30.6422512142 6.90223901798 -1.49416944518 0.09916260558 -1.29156301048 8.48000001907
30.6529031818 6.74701445331 -1.50228079049 0.0887663969821 -1.29353803887 8.51999998093
30.6621980455 6.5914835794 -1.51110514444 0.0774571974584 -1.29609061596 8.55999994278
30.6768692353 6.27922178381 -1.52800202179 0.0557919895776 -1.30292867579 8.63999986649
30.682325734 6.12245414349 -1.53600409043 0.0454708222582 -1.30639700272 8.67999982834
30.6866003678 5.9654383819 -1.54357881557 0.0356219487102 -1.30846467993 8.72000002861
30.6897565221 5.80829899767 -1.55071396511 0.0263012854511 -1.30949486859 8.75999999046
30.6918510657 5.65112218821 -1.55747108093 0.0174545300195 -1.30980674549 8.79999995232
30.6929317897 5.49396386257 -1.56391977764 0.00900603321747 -1.30965271363 8.83999991417
30.6930389989 5.33685773097 -1.57011392645 0.000893410791918 -1.30921776333 8.87999987602
30.6922082351 5.17982247713 -1.57608657912 -0.0069230322242 -1.30862711534 8.91999983788
30.6904720032 5.02286514286 -1.58185768345 -0.014468598883 -1.30797778557 8.96000003815
30.6878614767 4.86598500285 -1.58743505229 -0.0217543874617 -1.30733450011 9.0
30.6841625754 4.70881762149 -1.59432677308 -0.0308241776802 -1.309728178 9.03999996185
30.679256724 4.55113607131 -1.6018986935 -0.0408820950165 -1.31401291818 9.07999992371
30.6730861027 4.39280588128 -1.6097497312 -0.0514218439257 -1.31941825019 9.11999988556
30.656898327 4.07396060576 -1.62539488173 -0.0727774425988 -1.33163069494 9.19999980927
30.6469053966 3.91342200922 -1.6329624 -0.0832744202004 -1.33782163779 9.24000000954
30.6356790536 3.75216280111 -1.64030094345 -0.0935528584647 -1.34382673424 9.27999997139
30.623292311 3.59079951739 -1.6474091599 -0.103222854862 -1.344694031 9.31999993324
30.610173843 3.42949407259 -1.65194461131 -0.10932056673 -1.34421203999 9.3599998951
30.5968046795 3.2682092122 -1.65349887634 -0.11140969561 -1.3440405033 9.39999985695
30.5835326703 3.10691632799 -1.65289651474 -0.110600077059 -1.34410736838 9.4399998188
30.5706169905 2.94559451936 -1.65068750577 -0.107630664392 -1.34434840531 9.48000001907
30.5582527559 2.78422950944 -1.64726967462 -0.103035288835 -1.34470841599 9.51999998093
30.5465863823 2.62281254486 -1.64294564149 -0.0972197799756 -1.34514137144 9.55999994278
30.5357262918 2.46133932987 -1.63795148848 -0.0905007536679 -1.34561012495 9.59999990463
30.5257509254 2.29980904544 -1.63247339416 -0.0831280534155 -1.34608570363 9.63999986649
30.5167271303 2.13822280888 -1.62658345402 -0.0751982931288 -1.34655197133 9.67999982834
30.5017870763 1.81573217387 -1.61386565024 -0.0578337540285 -1.34197579827 9.75999999046
30.4959117331 1.65530028487 -1.60740200887 -0.0489611935909 -1.33693240836 9.79999995232
30.4910908657 1.49561436957 -1.60097684474 -0.0401738953237 -1.33071596084 9.83999991417
30.4873164301 1.33680556256 -1.59455902106 -0.0314536298802 -1.32340672506 9.87999987602
30.4845870969 1.17900759806 -1.58809097982 -0.0227444430719 -1.31498303751 9.91999983788
30.4829060897 1.02235664679 -1.58152682493 -0.0140083938334 -1.3054245939 9.96000003815
30.4822772613 0.866988796705 -1.57484365663 -0.00524023640563 -1.29473208408 10.0
30.4814001358 0.712172665179 -1.57646186114 -0.00730937912582 -1.29013442939 10.0399999619
30.4793076735 0.557398086135 -1.58431492149 -0.0174371856022 -1.2897881587 10.0799999237
30.4752826055 0.402301176023 -1.5967424577 -0.0335422333402 -1.29247425093 10.1199998856
30.4687947312 0.246621978863 -1.61244686437 -0.0540656194638 -1.29732664301 10.1599998474
30.459456006 0.0901778955377 -1.6304192686 -0.0778227096865 -1.30370069438 10.1999998093
