30.1158332422 0.0220503491858 1.56021979371 0.0135295949344 1.27916117075 -1.96000003815
30.1203505484 0.326660499236 1.55436626494 0.0207972865596 1.26569305226 -1.88000011444
30.1233763114 0.477645515749 1.55075885425 0.0252146923515 1.25820847094 -1.84000015259
30.1269728341 0.627691061628 1.54683137575 0.0299710225403 1.250379549 -1.80000019073
30.1311688995 0.776765699171 1.54265634382 0.0349672115373 1.24228864619 -1.75999999046
30.1359840818 0.924845497172 1.53829029826 0.0401265186098 1.23399831668 -1.72000002861
30.141430805 1.07191222509 1.53377751903 0.0453893600477 1.22555606601 -1.68000006676
30.1472126857 1.21826063016 1.53130921828 0.0481823396814 1.21957004226 -1.6400001049
30.152951146 1.36426900591 1.53151427695 0.0478205019223 1.21673646451 -1.60000014305
30.158357958 1.51022483063 1.53376908995 0.045056767162 1.21629853941 -1.5600001812
30.1632145153 1.65634657713 1.53757218093 0.0404713109286 1.21768122079 -1.51999998093
30.1673558894 1.80280028738 1.54252616064 0.0345114503901 1.22044758543 -1.48000001907
30.1706585674 1.94971216863 1.54831943961 0.0275223165183 1.22426567709 -1.44000005722
30.1730310207 2.09717816538 1.55470957656 0.0197704442669 1.22888330626 -1.40000009537
30.1747166758 2.39403315315 1.56871095386 0.00258520442822 1.23968266657 -1.32000017166
30.1738723077 2.54346831249 1.57644666446 -0.00703640079345 1.24529299455 -1.27999997139
30.1718094201 2.69358011753 1.58453780299 -0.0171907303404 1.2509317086 -1.24000000954
30.168483863 2.84437123917 1.59284681656 -0.0277129757558 1.2565926804 -1.20000004768
30.1638668964 2.99584379754 1.60126744083 -0.0384747218472 1.26227131975 -1.16000008583
30.1579418362 3.14799950002 1.60971743127 -0.0493755013209 1.26796418729 -1.12000012398
30.150701482 3.3008397438 1.61813297854 -0.060336284689 1.27366869821 -1.08000016212
30.1421461469 3.4543656912 1.62646441384 -0.0712944592327 1.27938289495 -1.03999996185
30.1322821526 3.60857832384 1.63467290286 -0.0821999529648 1.28510527204 -1.0
30.1220074504 3.76346892707 1.63703450287 -0.0856225182038 1.29075502692 -0.960000038147
30.1120073172 3.91903089167 1.63499191815 -0.0833344431781 1.29634970498 -0.920000076294
30.1028025529 4.07525916242 1.62964697697 -0.0767063696215 1.30190225627 -0.880000114441
30.0948011265 4.23186622264 1.62184431178 -0.0666785530277 1.30505883514 -0.840000152588
30.0835300505 4.5452815819 1.60126458773 -0.0398085785928 1.30615461171 -0.759999990463
30.0806181359 4.70206587603 1.58936693617 -0.0242659552651 1.30653578445 -0.72000002861
30.0796710585 4.85887434895 1.5768359614 -0.00789231162497 1.3067372743 -0.680000066757
30.0803867813 5.0156840485 1.56623208185 0.00596435707142 1.30674749629 -0.640000104904
30.0823541524 5.17248303952 1.55824989522 0.0163947586902 1.3066582585 -0.600000143051
30.0852556563 5.32890121842 1.55224879461 0.0241791994283 1.30348482414 -0.560000181198
30.088841542 5.48443690523 1.54774534343 0.0298823805774 1.2961307234 -0.519999980927
30.0929173217 5.63870876531 1.54438300818 0.033964830655 1.28559883404 -0.480000019073
30.0973312923 5.79142692424 1.54190164812 0.0367830884173 1.2726513244 -0.44000005722
30.1019648854 5.94237100629 1.54010854882 0.0386132759496 1.25786735037 -0.400000095367
30.1067251996 6.09137342709 1.53885929112 0.0396692850415 1.24168684006 -0.360000133514
30.1114755777 6.23861217024 1.53854441552 0.0395864840538 1.22698952625 -0.320000171661
30.1159831513 6.38483336389 1.5399789978 0.0375631140026 1.21850994708 -0.27999997139
30.1236057782 6.6763557376 1.54655090882 0.0294541556865 1.21459584835 -0.200000047684
30.1264861232 6.82241542244 1.55107855381 0.0240028750118 1.2171640404 -0.160000085831
30.1286381039 6.96903228436 1.55611980063 0.0179331727067 1.2218071826 -0.120000123978
30.1300081403 7.11639563246 1.56149959882 0.0114169702614 1.22802790085 -0.0800001621246
30.1305591039 7.26464952856 1.56707999272 0.00459136285264 1.23544913422 -0.039999961853
30.1302666723 7.41390357798 1.57275561164 -0.00243692976063 1.24378374509 0.0
30.129374656 7.56448821976 1.57671994458 -0.00743346913064 1.2548720149 0.039999961853
30.1280711401 7.71665461032 1.57936250247 -0.0108626326438 1.26805325466 0.0799999237061
30.1265005754 7.87059360593 1.58099848674 -0.0130880395465 1.28282496337 0.119999885559
30.1247731712 8.02645018051 1.58187916679 -0.0143950350349 1.2988047882 0.159999847412
30.1229845438 8.18325131235 1.58220281182 -0.0149052277869 1.30667609866 0.199999809265
30.1212083592 8.34005258563 1.58212345819 -0.0148015382484 1.30667727733 0.240000009537
30.1194897607 8.49685450065 1.58175620396 -0.0143216545037 1.30668262514 0.27999997139
30.1164301143 8.81046217723 1.57991232323 -0.0119122646102 1.30670681125 0.359999895096
30.1153280874 8.96726963774 1.57782410937 -0.00918355734659 1.30672883756 0.399999856949
30.1146434826 9.12407947624 1.57516212731 -0.0057050401939 1.30674865416 0.439999818802
30.1144376551 9.28089067408 1.57210890714 -0.00171522845321 1.30675998202 0.480000019073
30.1147549694 9.43770168595 1.56877278396 0.00264428527182 1.3067584323 0.519999980927
30.1156158165 9.59451065597 1.56530659956 0.00717372600982 1.30674141676 0.55999994278
30.1170238417 9.75131566736 1.56181710243 0.0117335435036 1.3067084283 0.599999904633
30.1189673002 9.90811495659 1.55840239951 0.0161954875103 1.30666074358 0.639999866486
30.1212304915 10.0649099568 1.55636325088 0.0188599274575 1.30662500196 0.679999828339
30.1232512185 10.2217082693 1.55790961223 0.0168393913115 1.30665260399 0.72000002861
30.1245894994 10.3785138915 1.56226188525 0.0111523409025 1.30671351792 0.759999990463
30.124904244 10.5353249085 1.56878917062 0.00262287186534 1.30675847545 0.799999952316
30.088994097 10.6605014389 1.8501697283 -0.299251225147 1.04313775294 0.839999914169
29.9399987469 10.8447671474 2.36877046913 -0.710178865673 0.692537405353 0.919999837875
29.8384701008 10.9145249629 2.5395938186 -0.846072051511 0.58131512951 0.960000038147
29.7247294032 10.9746409828 2.65537794264 -0.947839146149 0.500966832149 1.0
29.6022491479 11.0275360247 2.7339209565 -1.02066879443 0.440792015552 1.03999996185
29.4737073309 11.0750976559 2.78720480427 -1.07118180792 0.396346926564 1.07999992371
29.341124331 11.1187726924 2.82337132215 -1.10485833301 0.363958637918 1.11999988556
29.2060078861 11.1596616315 2.84773392233 -1.12597037392 0.340741159124 1.15999984741
29.0694784486 11.1985978751 2.86378175262 -1.13774531282 0.324468696686 1.19999980927
28.9323690797 11.2362126519 2.87383883694 -1.14257807421 0.313456473354 1.24000000954
28.7953006156 11.2729860619 2.87947999872 -1.14223720074 0.306445083714 1.27999997139
28.6587362329 11.3092860526 2.88179151002 -1.13803652229 0.302499922042 1.31999993324
28.522958943 11.3455163861 2.88083173322 -1.13147741582 0.301919445876 1.3599998951
28.3881796896 11.3820813323 2.87667414383 -1.12316044512 0.304707885392 1.39999985695
28.1223008728 11.4575793397 2.86015125073 -1.10235078862 0.318706768624 1.48000001907
27.9913938218 11.4970728697 2.84858484952 -1.09089209168 0.329112750192 1.51999998093
27.8618372467 11.5380325105 2.83538367002 -1.07963812563 0.341330339458 1.55999994278
27.7335131626 11.5806432788 2.82099223556 -1.06936736788 0.355089736517 1.59999990463
27.6062053019 11.6250636207 2.80587971415 -1.06089883924 0.370169515539 1.63999986649
27.4796836622 11.6714926537 2.78988477199 -1.05434699765 0.386908608078 1.67999982834
27.353642184 11.7201146286 2.77342060854 -1.05034565136 0.405183124806 1.72000002861
27.2273784972 11.7707947737 2.75989427913 -1.05219739033 0.422334541983 1.75999999046
27.1001737453 11.8232886852 2.75020960945 -1.06003959889 0.437449263035 1.79999995232
26.9714004378 11.8772647154 2.74468281233 -1.07311089563 0.449800250989 1.83999991417
26.8405718033 11.9323039462 2.74337221472 -1.09023862068 0.458660257215 1.87999987602
26.7073595513 11.9879116139 2.74614568775 -1.11010210062 0.463397230425 1.91999983788
26.5715859604 12.0435449566 2.75270874624 -1.13144659029 0.463611188942 1.96000003815
26.2925097104 12.1522800001 2.77735966174 -1.17238505132 0.446963959038 2.03999996185
26.1499950775 12.2041073085 2.79279806611 -1.18762194124 0.431894236746 2.07999992371
26.0060271864 12.2538062842 2.8091925687 -1.19973242551 0.414158130713 2.11999988556
25.8608878527 12.3010060879 2.82717680383 -1.20949444776 0.393331697776 2.15999984741
25.7147891741 12.3452706227 2.84740693819 -1.21748898813 0.368871122645 2.19999980927
25.5679003705 12.3860954755 2.8705041897 -1.22407336331 0.340207106835 2.24000000954
25.4203765319 12.4229145125 2.89700908509 -1.22936532171 0.30682530851 2.27999997139
25.2723892909 12.4551263348 2.9272694818 -1.23322700837 0.268431852918 2.31999993324
25.123665515 12.4825390013 2.95931911392 -1.23936479924 0.228438887461 2.3599998951
24.9738718521 12.5051315039 2.99189678475 -1.24828052413 0.18827085434 2.39999985695
24.8228802449 12.5232170425 3.02238215123 -1.25826339353 0.150712822416 2.4399998188
24.6706710759 12.5376803907 3.04685426766 -1.26840974171 0.120527901416 2.48000001907
24.362547307 12.5599896438 3.07466607899 -1.28901253456 0.0863982294394 2.55999994278
24.2066410094 12.5695322299 3.08046172788 -1.2992191464 0.0795215508884 2.59999990463
24.0501042808 12.5788083681 3.08240333038 -1.30447273817 0.0773011512744 2.63999986649
23.8935693661 12.5881150653 3.08220810903 -1.30445762248 0.0775558107287 2.67999982834
23.7370362004 12.5974511326 3.08202048227 -1.30444304797 0.0778005605194 2.72000002861
23.5805056315 12.6068306389 3.08174297299 -1.30442140737 0.0781625525701 2.75999999046
23.423979074 12.6162768518 3.08131681095 -1.30438797901 0.0787184403435 2.79999995232
23.2676987862 12.625805028 3.08069951918 -1.30233573171 0.0794014685485 2.83999991417
23.1119778193 12.6354318377 3.0798503333 -1.29767472409 0.0802234146335 2.87999987602
22.9570696969 12.6451826808 3.07872961445 -1.29090102028 0.0812570257064 2.91999983788
22.8031850822 12.65509159 3.07728961698 -1.28237178926 0.0825742430407 2.96000003815
22.6505040115 12.6652007259 3.07547835261 -1.27234225521 0.0842427991825 3.0
22.4992379746 12.6760878083 3.06974346655 -1.26055030747 0.0907256864782 3.03999996185
22.2015636747 12.7018322306 3.0496322786 -1.233176695 0.113724149588 3.11999988556
22.0554114951 12.7172902498 3.03621781597 -1.21793483012 0.128816826121 3.15999984741
21.9111839121 12.7347590889 3.02105981244 -1.20189652484 0.145573659403 3.19999980927
21.7689536656 12.7543875448 3.00445409758 -1.18525205461 0.163570465609 3.24000000954
21.6287702336 12.776283036 2.98665280385 -1.16819526603 0.182462427154 3.27999997139
21.4906592164 12.8005190007 2.9678795787 -1.15092514364 0.201966372438 3.31999993324
21.3543367561 12.8261486018 2.95575479525 -1.13602050207 0.2135800091 3.3599998951
21.2195086096 12.8520153898 2.9520457148 -1.12356788748 0.215556566522 3.39999985695
21.0860216395 12.8773097613 2.95432352202 -1.11239141816 0.210786429337 3.4399998188
20.9538153681 12.9014807706 2.96076181533 -1.10171892767 0.20142507776 3.48000001907
20.822894279 12.9241778661 2.96993413245 -1.09100907642 0.189142462534 3.51999998093
20.6933025357 12.9452028996 2.98075355122 -1.07993119373 0.175208612397 3.55999994278
20.5651019952 12.964470963 2.99241296528 -1.06833783798 0.160567195086 3.59999990463
20.3131446307 12.9982903397 3.01205323212 -1.04341206225 0.135924136718 3.67999982834
20.1895213598 13.0148315575 3.00857926347 -1.03019392362 0.137843481519 3.72000002861
20.0672744055 13.0325626798 2.99755365776 -1.01872461966 0.147759353311 3.75999999046
19.9460827082 13.0521604862 2.98127134893 -1.00993081033 0.163315053245 3.79999995232
19.8255520827 13.0740809997 2.96169213733 -1.0044218792 0.182670945776 3.83999991417
19.7052584082 13.0986126743 2.94041963874 -1.00244728749 0.204430621257 3.87999987602
19.5847711366 13.1258994144 2.91887958238 -1.00406059674 0.227389500899 3.91999983788
19.4636819641 13.1559621981 2.89824308346 -1.00907643796 0.25052319719 3.96000003815
19.3416256602 13.1887104334 2.87946194324 -1.01713586562 0.272901961431 4.0
19.2184038989 13.2229042909 2.87090506718 -1.02684801062 0.284948812476 4.03999996185
19.0942536744 13.2580312572 2.86586050828 -1.03458520445 0.292724719073 4.07999992371
18.9693710229 13.2935453148 2.8645275388 -1.04068876266 0.295950479774 4.11999988556
18.8439913359 13.3289375302 2.86647068501 -1.04483072447 0.294935128457 4.15999984741
18.5927216818 13.3975143111 2.87893611784 -1.04696368739 0.281495129133 4.24000000954
18.4673347051 13.4298995676 2.88883405571 -1.04489147246 0.269877136832 4.27999997139
18.3424421586 13.4605582246 2.90087234941 -1.04077122135 0.255488808697 4.31999993324
18.2178646358 13.4897670833 2.9112893534 -1.03814602302 0.243407156074 4.3599998951
18.0929348571 13.5169341617 2.92746753168 -1.04108148973 0.226392319935 4.39999985695
17.9671504555 13.5415375383 2.94843182183 -1.04820334643 0.205028137875 4.4399998188
17.8401495237 13.5631057169 2.97337070812 -1.05834109793 0.179734821621 4.48000001907
17.7116580418 13.5812574381 3.00125340655 -1.07076234982 0.151264343947 4.51999998093
17.5815046971 13.5957067554 3.03102776365 -1.08461120556 0.120410977382 4.55999994278
17.4495931909 13.6062576951 3.06177758898 -1.09926255123 0.0879244969345 4.59999990463
17.315868774 13.6127933406 3.09275752414 -1.11437014084 0.0544637132576 4.63999986649
17.1806666778 13.6153912236 3.12238020524 -1.12668413549 0.021649024508 4.67999982834
17.044977569 13.614311808 -3.13363775681 -1.13074257288 -0.00899513019097 4.72000002861
16.7749567507 13.6011495043 -3.07915599799 -1.12154313875 -0.0701165389908 4.79999995232
16.6415694136 13.5849329237 -3.02061126505 -1.11156114268 -0.135138171176 4.83999991417
16.5038819736 13.578565027 -3.09537665662 -1.14739533325 -0.0530658060359 4.87999987602
16.3636319391 13.5746454588 -3.11365292295 -1.16875028754 -0.0326630679026 4.91999983788
16.2220280386 13.5712938242 -3.1179279878 -1.18003250426 -0.0279302888358 4.96000003815
16.0799955834 13.5676428543 -3.11589313287 -1.18360379327 -0.0304247486684 5.0
15.937420626 13.5630216713 -3.10919169167 -1.18812464504 -0.0385098584932 5.03999996185
15.7942159454 13.5571518035 -3.10062622904 -1.19337233781 -0.0489155650475 5.07999992371
15.6503012535 13.550033027 -3.09216768636 -1.19928909923 -0.0593231376923 5.11999988556
15.50559928 13.5418048233 -3.08479071634 -1.20584977938 -0.0685683637308 5.15999984741
15.3600424601 13.5326301916 -3.0786446547 -1.2129734989 -0.0764552645505 5.19999980927
15.2135770589 13.5226462352 -3.07353196862 -1.2205450102 -0.0831996364829 5.24000000954
15.0661617599 13.5119601009 -3.06922923324 -1.22846082532 -0.0890511190537 5.27999997139
14.7681620958 13.4887476866 -3.06216745767 -1.24669038101 -0.0992273696142 5.3599998951
14.6170822032 13.4762285103 -3.05891693117 -1.25899910521 -0.104326468974 5.39999985695
14.4643191895 13.4630914199 -3.05580717242 -1.27302511408 -0.10947575325 5.4399998188
14.3097163682 13.4493331955 -3.0528356881 -1.28835684483 -0.114651870378 5.48000001907
14.1535623686 13.4349901641 -3.04999782982 -1.30128332985 -0.119525261219 5.51999998093
13.9974478925 13.4202231571 -3.0472823756 -1.30095396725 -0.123058391515 5.55999994278
13.8413726214 13.4050473913 -3.04466372068 -1.30062725961 -0.126464715202 5.59999990463
13.6853361179 13.3894780716 -3.04214184404 -1.30030419563 -0.129744331079 5.63999986649
13.5293300798 13.3736063918 -3.04020390319 -1.30005031723 -0.132263998485 5.67999982834
13.3733323296 13.3576534594 -3.03968305996 -1.29998125209 -0.132941102921 5.72000002861
13.2173262588 13.3417821006 -3.04020596067 -1.30005058936 -0.132261323658 5.75999999046
13.0612999156 13.3261112886 -3.04149138352 -1.30021952699 -0.130590100116 5.79999995232
12.9052450767 13.3107268356 -3.04332654069 -1.30045699078 -0.128203774367 5.83999991417
12.5930305756 13.2810430356 -3.04805314123 -1.30104842998 -0.122055624457 5.91999983788
12.436865746 13.2668184045 -3.05075603112 -1.30137358002 -0.118538592246 5.96000003815
12.2806607728 13.2530415947 -3.05362327943 -1.30170810977 -0.114806748901 6.0
12.1244406794 13.23943731 -3.05472770506 -1.30183411137 -0.113369039376 6.03999996185
11.9682231003 13.225804184 -3.05454308468 -1.30181315895 -0.113609382551 6.07999992371
11.8120206525 13.2119987711 -3.05344016577 -1.30168706526 -0.115045107511 6.11999988556
11.6558430113 13.1979155006 -3.05166119457 -1.30148034368 -0.117360588047 6.15999984741
11.4996978927 13.1834761076 -3.04938071875 -1.30120932171 -0.120328274757 6.19999980927
11.3435915219 13.1686236624 -3.04673508211 -1.30088642336 -0.123770376687 6.24000000954
11.1875289452 13.1533179019 -3.04383078934 -1.30052147202 -0.127548004413 6.27999997139
11.0315142457 13.1375315891 -3.0407510914 -1.3001224959 -0.131552606514 6.31999993324
10.8755108289 13.1216341655 -3.0400388838 -1.3000284734 -0.132478530194 6.3599998951
10.719471109 13.1060971145 -3.04234864465 -1.30033099903 -0.129475424606 6.39999985695
10.4071630954 13.0774280053 -3.05318122867 -1.30165723217 -0.115382158725 6.48000001907
10.25086476 13.0647542341 -3.06068262256 -1.30248612853 -0.105614760375 6.51999998093
10.0944654719 13.0533939163 -3.06908336282 -1.30332740072 -0.0946693146922 6.55999994278
9.93796995717 13.0434466551 -3.07811545259 -1.30412928937 -0.0828938431917 6.59999990463
9.78138741998 13.034978882 -3.08756662342 -1.30485447658 -0.0705647757851 6.63999986649
9.62474362938 13.0277320208 -3.09536230043 -1.30536492172 -0.0603905105815 6.67999982834
9.46808120428 13.0208998398 -3.0980094238 -1.30552020915 -0.0569348410405 6.72000002861
9.31142795894 13.0138603186 -3.09668590066 -1.30544371114 -0.0586626768758 6.75999999046
9.15480698763 13.0061359754 -3.09231387858 -1.30517476096 -0.0643695267674 6.79999995232
8.99824887969 12.9973634534 -3.08561753927 -1.30465089945 -0.073104349707 6.83999991417
8.84178678032 12.9872694448 -3.077167853 -1.30385082808 -0.0841167388611 6.87999987602
8.68544547298 12.975651529 -3.06741775222 -1.30284422783 -0.0968159650299 6.91999983788
8.5292430023 12.962363847 -3.05672991919 -1.30168725566 -0.110730683343 6.96000003815
8.21748239626 12.930788222 -3.03590674008 -1.29757923228 -0.137648718223 7.03999996185
8.06225759473 12.9130574728 -3.02785933041 -1.29354001279 -0.147756243301 7.07999992371
7.90762490576 12.8943121658 -3.02095655211 -1.28860574136 -0.156210891835 7.11999988556
7.75366464955 12.8747128724 -3.01497271165 -1.28300213517 -0.163327445294 7.15999984741
7.60043658205 12.8543911111 -3.0097378597 -1.27690056248 -0.169348010352 7.19999980927
7.44798482071 12.8334562754 -3.00512512623 -1.27043134447 -0.17445696438 7.24000000954
7.29634155722 12.8120011875 -3.00104158608 -1.2636938624 -0.178792399056 7.27999997139
7.14552984765 12.7901066164 -2.99742171528 -1.25676424644 -0.182454758961 7.31999993324
6.99540397849 12.7678301153 -2.99428205874 -1.25104890971 -0.185637509162 7.3599998951
6.84577068052 12.7452201673 -2.99162475451 -1.2469441497 -0.1884162338 7.39999985695
6.72450807528 12.7637568357 2.98990306011 -1.01052171036 0.154472237182 7.4399998188
6.62533769893 12.8136204489 2.6757015345 -0.826419802934 0.415530109522 7.48000001907
6.54335530269 12.8873078622 2.40942989553 -0.683186635348 0.614061777769 7.51999998093
6.41648020616 13.0845821297 2.0753129252 -0.485433599504 0.879119481824 7.59999990463
6.36626618655 13.200444233 1.97975580607 -0.418450163392 0.96551752714 7.63999986649
6.32220773468 13.3242029551 1.91280881305 -0.367153765585 1.03132268372 7.67999982834
6.28271262069 13.4541409013 1.86587637128 -0.329125949913 1.08281621876 7.72000002861
6.2465280843 13.5889232341 1.83307827385 -0.301537803277 1.12318610629 7.75999999046
6.21265263187 13.7274936975 1.81055763418 -0.282295436943 1.1547538623 7.79999995232
6.18025766284 13.8689909906 1.7958616252 -0.26995807519 1.1791441086 7.83999991417
6.14861285368 14.0126848016 1.78756016994 -0.263706743008 1.19744842518 7.87999987602
6.11701447005 14.1579390495 1.78499750948 -0.263319863611 1.21045206612 7.91999983788
6.08472944936 14.3042190449 1.78802090398 -0.269041839098 1.21899996152 7.96000003815
6.05099172638 14.4511582647 1.79648786937 -0.281147691479 1.22449349821 8.0
6.01525611935 14.598337175 1.80899076588 -0.297796725226 1.22649091896 8.03999996185
5.93711190294 14.8937489204 1.83552494513 -0.334319539264 1.23323638017 8.11999988556
5.89563290258 15.0426756013 1.8424317331 -0.345658336298 1.2410556744 8.15999984741
5.85382956366 15.1927138661 1.84252290422 -0.34836115766 1.25031887321 8.19999980927
5.81269507426 15.3437564857 1.83668505842 -0.342787411705 1.25868849684 8.24000000954
5.77294789795 15.4954468154 1.82706341945 -0.331226469257 1.26408608041 8.27999997139
5.7349214718 15.6474949852 1.81586402273 -0.316886884518 1.26706808222 8.31999993324
5.69900247406 15.7990268218 1.80353996412 -0.299324981175 1.26276530456 8.3599998951
5.66547558197 15.9491068137 1.79058113782 -0.279390767463 1.25066659969 8.39999985695
5.63443405178 16.0970483154 1.77761899411 -0.258679418246 1.23284584735 8.4399998188
5.60586626974 16.2423545249 1.76492437991 -0.238064850335 1.21088507911 8.48000001907
5.57970876937 16.3846672452 1.7525704263 -0.217979169707 1.18593933563 8.51999998093
5.55587557425 16.5237271395 1.74053517308 -0.198609959376 1.15883245255 8.55999994278
5.51480633388 16.7913794184 1.71717773288 -0.162222270323 1.1002895972 8.63999986649
5.49715065023 16.9203970915 1.70679856576 -0.147130697028 1.07514727631 8.67999982834
5.48057774689 17.0481675087 1.69978461997 -0.138107527902 1.06475347623 8.72000002861
5.46452197252 17.1760284222 1.69571466433 -0.133798119706 1.06550761295 8.75999999046
5.44854411818 17.3049905039 1.69406391635 -0.133148786159 1.07468401376 8.79999995232
5.43230360665 17.4358161017 1.69430312143 -0.135337596115 1.09021331476 8.83999991417
5.41553702417 17.5690784431 1.69595503917 -0.139721520652 1.11051951233 8.87999987602
5.39804132069 17.7052053416 1.69862052714 -0.145797529012 1.13439082043 8.91999983788
5.37966137204 17.844513006 1.70197646532 -0.153166238713 1.16089720314 8.96000003815
5.36028011743 17.9872307588 1.7057719166 -0.161510455107 1.18931460703 9.0
5.33989941874 18.1324779227 1.71020351479 -0.169839155775 1.2103930321 9.03999996185
5.28821879026 18.2492487645 1.98746402806 -0.430671903971 0.973090348282 9.07999992371
5.21239286386 18.3441508061 2.24492203871 -0.631882720053 0.790850347472 9.11999988556
5.00913105905 18.4873706706 2.60225342172 -0.906811253434 0.542755359122 9.19999980927
4.889187403 18.5424969382 2.71078298089 -0.999530467034 0.459385563526 9.24000000954
4.76059476069 18.5898942571 2.78845792099 -1.07160535263 0.394977657428 9.27999997139
4.62524122912 18.6313196663 2.84459157115 -1.12794609637 0.345211742831 9.31999993324
4.48471734815 18.6681210856 2.88545761541 -1.17103234149 0.306678493985 9.3599998951
4.34030990622 18.7013360401 2.915516091 -1.2033953494 0.276791288043 9.39999985695
4.19299890163 18.7317671756 2.9378806718 -1.22759170489 0.253592795358 9.4399998188
4.04353072483 18.7600355526 2.95467401106 -1.24556813998 0.235569808941 9.48000001907
3.89247384323 18.7866218048 2.96737531956 -1.2588073467 0.221552101478 9.51999998093
3.74026124063 18.8118979784 2.97703591043 -1.26843835497 0.210634779969 9.55999994278
3.58722272458 18.8361521297 2.98441593024 -1.27532096712 0.202117927479 9.59999990463
3.43360952328 18.8596073468 2.99007283246 -1.28011001085 0.195460142304 9.63999986649
3.27953073276 18.8824349737 2.99450706195 -1.28398992098 0.190230224242 9.67999982834
2.96967101985 18.9266981404 3.00123040895 -1.29361694755 0.182776887909 9.75999999046
2.81434572081 18.9482352157 3.00381328267 -1.29437749196 0.179475627643 9.79999995232
2.65897314182 18.9694285125 3.0060262257 -1.29477149162 0.176610806875 9.83999991417
2.5035601948 18.9903237281 3.00794446934 -1.29510789181 0.174126796286 9.87999987602
2.34811233747 19.010957627 3.00962571407 -1.29539881107 0.171949157902 9.91999983788
2.19263394558 19.0313601707 3.01111388175 -1.29565326573 0.170021197567 9.96000003815
2.03712861117 19.0515563362 3.01244114189 -1.2958777868 0.168301379381 10.0
1.8815731329 19.0713625806 3.01494818211 -1.29629565223 0.165052036145 10.0399999619
1.72595158526 19.0906428307 3.01832885403 -1.29684623031 0.160668750996 10.0799999237
1.57025399435 19.1092990446 3.02233782922 -1.29747992426 0.155468449437 10.1199998856
1.41447534799 19.1272658883 3.02676429327 -1.29815538639 0.149723696863 10.1599998474
1.25894232568 19.1444731417 3.03140666687 -1.29610851922 0.143393778645 10.1999998093
0.949838108959 19.1765288827 3.04046985099 -1.28447915692 0.130334695148 10.2799999714
0.79674603116 19.1914609919 3.04436341738 -1.27576731499 0.124434243014 10.3199999332
0.644505626388 19.2062685936 3.04463304705 -1.26867003976 0.123396681324 10.3599998951
0.49276738863 19.2216865823 3.04033106913 -1.26448531465 0.128483238773 10.3999998569
0.341211162857 19.2382955729 3.03243860935 -1.26296854811 0.138408255141 10.4399998188
0.189514407156 19.2564933532 3.02220161698 -1.26413963085 0.151648168695 10.4800000191
0.0373577506481 19.2764624787 3.01109789614 -1.26797213757 0.166409379185 10.5199999809
